 year | e_home_wins | home_wins 
------+-------------+-----------
 1977 |     34.0382 |        38
 1978 |     32.4810 |        37
 1979 |     34.0346 |        36
 1980 |     30.8697 |        31
 1981 |     33.8372 |        26
 1982 |     30.1531 |        28
 1983 |     27.8489 |        26
 1984 |     50.7644 |        51
 1985 |     43.6722 |        45
 1986 |     44.0090 |        47
 1987 |     45.8189 |        51
 1988 |     51.5496 |        57
 1989 |     40.1926 |        34
 1990 |     46.5277 |        54
 1991 |     43.9750 |        43
 1992 |     46.9574 |        52
 1993 |     49.0220 |        50
 1994 |     49.2731 |        55
 1995 |     46.4052 |        40
 1996 |     43.2691 |        46
 1997 |     46.6745 |        50
 1998 |     45.8170 |        47
 1999 |     41.6465 |        40
 2000 |     48.3105 |        54
 2001 |     45.1625 |        41
 2002 |     45.7831 |        42
 2003 |     56.1229 |        54
 2004 |     52.3055 |        59
 2005 |     53.3564 |        47
 2006 |     57.0443 |        60
 2007 |     50.1916 |        52
 2008 |     54.7177 |        64
 2009 |     54.0970 |        57
 2010 |     52.1628 |        55
 2011 |     51.2603 |        54
 2012 |     53.4459 |        57
 2013 |     53.9187 |        54
 2014 |     57.3503 |        50
 2015 |     57.1314 |        48
(39 rows)

 year | model  | naive  |  diff   | count 
------+--------+--------+---------+-------
 1977 | 0.7170 | 0.7170 |  0.0000 |    53
 1978 | 0.7647 | 0.7255 |  0.0392 |    51
 1979 | 0.6981 | 0.6792 |  0.0189 |    53
 1980 | 0.6875 | 0.6458 |  0.0417 |    48
 1981 | 0.5094 | 0.4906 |  0.0189 |    53
 1982 | 0.6383 | 0.5957 |  0.0426 |    47
 1983 | 0.5814 | 0.6047 | -0.0233 |    43
 1984 | 0.6329 | 0.6456 | -0.0127 |    79
 1985 | 0.7059 | 0.6618 |  0.0441 |    68
 1986 | 0.7059 | 0.6912 |  0.0147 |    68
 1987 | 0.7606 | 0.7183 |  0.0423 |    71
 1988 | 0.7000 | 0.7125 | -0.0125 |    80
 1989 | 0.6290 | 0.5484 |  0.0806 |    62
 1990 | 0.7500 | 0.7500 |  0.0000 |    72
 1991 | 0.6765 | 0.6324 |  0.0441 |    68
 1992 | 0.6986 | 0.7123 | -0.0137 |    73
 1993 | 0.6842 | 0.6579 |  0.0263 |    76
 1994 | 0.6494 | 0.7143 | -0.0649 |    77
 1995 | 0.5890 | 0.5479 |  0.0411 |    73
 1996 | 0.7353 | 0.6765 |  0.0588 |    68
 1997 | 0.7222 | 0.6944 |  0.0278 |    72
 1998 | 0.7042 | 0.6620 |  0.0423 |    71
 1999 | 0.6818 | 0.6061 |  0.0758 |    66
 2000 | 0.6800 | 0.7200 | -0.0400 |    75
 2001 | 0.5493 | 0.5775 | -0.0282 |    71
 2002 | 0.6197 | 0.5915 |  0.0282 |    71
 2003 | 0.6477 | 0.6136 |  0.0341 |    88
 2004 | 0.7561 | 0.7195 |  0.0366 |    82
 2005 | 0.6190 | 0.5595 |  0.0595 |    84
 2006 | 0.6517 | 0.6742 | -0.0225 |    89
 2007 | 0.7595 | 0.6582 |  0.1013 |    79
 2008 | 0.6860 | 0.7442 | -0.0581 |    86
 2009 | 0.7294 | 0.6706 |  0.0588 |    85
 2010 | 0.6951 | 0.6707 |  0.0244 |    82
 2011 | 0.6790 | 0.6667 |  0.0123 |    81
 2012 | 0.7143 | 0.6786 |  0.0357 |    84
 2013 | 0.6706 | 0.6353 |  0.0353 |    85
 2014 | 0.5955 | 0.5618 |  0.0337 |    89
 2015 | 0.6000 | 0.5333 |  0.0667 |    90
(39 rows)

 model  | naive  |  diff  | count 
--------+--------+--------+-------
 0.6744 | 0.6513 | 0.0231 |  2813
(1 row)

