 year | e_home_wins | home_wins 
------+-------------+-----------
 2002 |       45.20 |        42
 2003 |       55.32 |        54
 2004 |       51.66 |        59
 2005 |       52.74 |        47
 2006 |       56.26 |        60
 2007 |       49.60 |        52
 2008 |       53.91 |        64
 2009 |       53.34 |        57
 2010 |       51.70 |        55
 2011 |       50.69 |        54
 2012 |       52.82 |        57
(11 rows)

 year | model | naive | diff  | count 
------+-------+-------+-------+-------
 2002 |  0.69 |  0.59 |  0.10 |    71
 2003 |  0.64 |  0.61 |  0.02 |    88
 2004 |  0.76 |  0.72 |  0.04 |    82
 2005 |  0.63 |  0.56 |  0.07 |    84
 2006 |  0.65 |  0.67 | -0.02 |    89
 2007 |  0.76 |  0.66 |  0.10 |    79
 2008 |  0.71 |  0.74 | -0.03 |    86
 2009 |  0.73 |  0.67 |  0.06 |    85
 2010 |  0.70 |  0.67 |  0.02 |    82
 2011 |  0.68 |  0.67 |  0.01 |    81
 2012 |  0.73 |  0.68 |  0.05 |    84
(11 rows)

 model | naive | diff | count 
-------+-------+------+-------
  0.70 |  0.66 | 0.04 |   911
(1 row)

