BEGIN
CREATE TABLE
INSERT 0 1059
  rk  |        school        | div |  str  |  ofs  |  dfs  |  sos  
------+----------------------+-----+-------+-------+-------+-------
    1 | Connecticut          |   1 | 2.173 | 1.486 | 0.684 | 1.067
    2 | Baylor               |   1 | 1.783 | 1.403 | 0.787 | 1.077
    3 | Duke                 |   1 | 1.769 | 1.402 | 0.792 | 1.036
    4 | Stanford             |   1 | 1.686 | 1.299 | 0.770 | 1.048
    5 | Notre Dame           |   1 | 1.632 | 1.295 | 0.794 | 1.061
    6 | Tennessee            |   1 | 1.611 | 1.433 | 0.889 | 1.062
    7 | Michigan St.         |   1 | 1.574 | 1.121 | 0.712 | 0.991
    8 | Florida St.          |   1 | 1.571 | 1.375 | 0.875 | 1.048
    9 | California           |   1 | 1.565 | 1.328 | 0.848 | 1.068
   10 | Maryland             |   1 | 1.538 | 1.309 | 0.851 | 1.065
   11 | Oklahoma             |   1 | 1.530 | 1.311 | 0.857 | 1.028
   12 | Kentucky             |   1 | 1.505 | 1.242 | 0.826 | 1.016
   13 | Syracuse             |   1 | 1.490 | 1.297 | 0.871 | 1.009
   14 | Iowa St.             |   1 | 1.483 | 1.083 | 0.730 | 0.987
   15 | Georgia              |   1 | 1.468 | 1.185 | 0.807 | 0.997
   16 | Oklahoma St.         |   1 | 1.465 | 1.290 | 0.881 | 0.968
   17 | Ohio St.             |   1 | 1.443 | 1.153 | 0.799 | 1.038
   18 | Louisville           |   1 | 1.438 | 1.150 | 0.799 | 1.029
   19 | South Carolina       |   1 | 1.420 | 1.076 | 0.757 | 1.025
   20 | UCLA                 |   1 | 1.418 | 1.304 | 0.919 | 1.132
   21 | Dayton               |   1 | 1.402 | 1.336 | 0.953 | 1.023
   22 | Green Bay            |   1 | 1.396 | 1.118 | 0.801 | 1.043
   23 | Texas                |   1 | 1.396 | 1.198 | 0.858 | 0.969
   24 | Penn St.             |   1 | 1.376 | 1.305 | 0.948 | 1.018
   25 | Chattanooga          |   1 | 1.354 | 1.209 | 0.893 | 1.014
   26 | Purdue               |   1 | 1.328 | 1.216 | 0.916 | 1.055
   27 | Princeton            |   1 | 1.321 | 1.157 | 0.876 | 1.035
   28 | Hampton              |   1 | 1.321 | 1.054 | 0.798 | 1.017
   29 | Arkansas             |   1 | 1.317 | 1.199 | 0.910 | 1.008
   30 | North Carolina       |   1 | 1.306 | 1.218 | 0.932 | 1.055
   31 | Toledo               |   1 | 1.305 | 1.088 | 0.834 | 1.018
   32 | Miami (FL)           |   1 | 1.305 | 1.136 | 0.870 | 1.024
   33 | Texas A&M            |   1 | 1.302 | 1.134 | 0.871 | 1.108
   34 | Northeastern         |   1 | 1.297 | 1.124 | 0.867 | 1.012
   35 | Virginia             |   1 | 1.293 | 1.179 | 0.912 | 1.064
   36 | Villanova            |   1 | 1.292 | 1.073 | 0.831 | 0.995
   37 | Texas Tech           |   1 | 1.287 | 1.116 | 0.867 | 0.976
   38 | Michigan             |   1 | 1.284 | 1.051 | 0.819 | 1.079
   39 | Boston U.            |   1 | 1.283 | 1.114 | 0.869 | 1.062
   40 | DePaul               |   1 | 1.270 | 1.249 | 0.983 | 1.072
   41 | Vanderbilt           |   1 | 1.265 | 1.130 | 0.893 | 1.040
   42 | Pacific              |   1 | 1.263 | 1.093 | 0.866 | 1.009
   43 | West Virginia        |   1 | 1.260 | 1.111 | 0.881 | 1.041
   44 | Iowa                 |   1 | 1.251 | 1.139 | 0.910 | 1.062
   45 | Charlotte            |   1 | 1.248 | 1.146 | 0.919 | 1.029
   46 | Duquesne             |   1 | 1.246 | 1.037 | 0.832 | 0.998
   47 | North Carolina St.   |   1 | 1.243 | 1.217 | 0.980 | 1.035
   48 | Delaware             |   1 | 1.241 | 1.022 | 0.824 | 1.031
   49 | Middle Tenn.         |   1 | 1.240 | 1.105 | 0.891 | 1.020
   50 | San Diego St.        |   1 | 1.236 | 1.054 | 0.853 | 1.006
   51 | Drexel               |   1 | 1.235 | 0.991 | 0.802 | 0.994
   52 | Old Dominion         |   1 | 1.234 | 1.063 | 0.861 | 0.994
   53 | UALR                 |   1 | 1.231 | 1.064 | 0.864 | 1.002
   54 | Utah                 |   1 | 1.228 | 1.127 | 0.917 | 0.986
   55 | South Fla.           |   1 | 1.227 | 1.088 | 0.887 | 0.936
   56 | St. Johns (NY)       |   1 | 1.226 | 1.096 | 0.894 | 1.043
   57 | Fla. Gulf Coast      |   1 | 1.223 | 1.121 | 0.917 | 1.070
   58 | LSU                  |   1 | 1.220 | 1.273 | 1.044 | 1.077
   59 | Wyoming              |   1 | 1.220 | 1.131 | 0.927 | 0.989
   60 | Florida              |   1 | 1.216 | 1.223 | 1.006 | 1.056
   61 | Georgetown           |   1 | 1.215 | 1.134 | 0.933 | 1.068
   62 | Kansas               |   1 | 1.209 | 1.078 | 0.892 | 0.979
   63 | Nebraska             |   1 | 1.203 | 1.152 | 0.958 | 1.027
   64 | Central Mich.        |   1 | 1.197 | 1.216 | 1.016 | 1.104
   65 | Rutgers              |   1 | 1.191 | 1.071 | 0.899 | 1.072
   66 | San Diego            |   1 | 1.190 | 1.088 | 0.914 | 0.958
   67 | Gonzaga              |   1 | 1.189 | 1.041 | 0.875 | 1.059
   68 | Georgia Tech         |   1 | 1.186 | 1.118 | 0.943 | 1.093
   69 | Colorado             |   1 | 1.185 | 1.108 | 0.935 | 0.989
   70 | Youngstown St.       |   1 | 1.181 | 1.094 | 0.926 | 0.973
   71 | Appalachian St.      |   1 | 1.181 | 1.182 | 1.001 | 0.946
   72 | Hartford             |   1 | 1.179 | 1.067 | 0.905 | 1.016
   73 | Kansas St.           |   1 | 1.179 | 1.127 | 0.956 | 0.989
   74 | St. Josephs          |   1 | 1.175 | 0.968 | 0.824 | 1.099
   75 | Detroit              |   1 | 1.171 | 1.158 | 0.989 | 1.022
   76 | Northwestern         |   1 | 1.168 | 1.160 | 0.993 | 1.034
   77 | UAB                  |   1 | 1.166 | 1.031 | 0.884 | 0.947
   78 | Quinnipiac           |   1 | 1.162 | 1.177 | 1.013 | 0.978
   79 | Arizona St.          |   1 | 1.160 | 1.031 | 0.889 | 1.056
   80 | Marquette            |   1 | 1.156 | 1.144 | 0.989 | 1.041
   81 | Fordham              |   1 | 1.156 | 0.927 | 0.802 | 1.002
   82 | Minnesota            |   1 | 1.156 | 1.126 | 0.975 | 1.033
   83 | Temple               |   1 | 1.150 | 1.004 | 0.873 | 1.061
   84 | Auburn               |   1 | 1.148 | 1.153 | 1.005 | 0.956
   85 | Montana St.          |   1 | 1.145 | 1.088 | 0.950 | 0.999
   86 | Fresno St.           |   1 | 1.145 | 1.088 | 0.950 | 1.012
   87 | Marist               |   1 | 1.144 | 1.041 | 0.910 | 1.096
   88 | Akron                |   1 | 1.142 | 1.219 | 1.068 | 0.934
   89 | SMU                  |   1 | 1.140 | 1.044 | 0.916 | 0.985
   90 | UT Martin            |   1 | 1.137 | 1.241 | 1.092 | 1.071
   91 | Cal Poly             |   1 | 1.136 | 1.142 | 1.005 | 1.060
   92 | Boston College       |   1 | 1.130 | 1.008 | 0.892 | 1.022
   93 | Xavier               |   1 | 1.121 | 1.109 | 0.989 | 1.050
   94 | Washington           |   1 | 1.121 | 1.082 | 0.965 | 0.995
   95 | Georgia St.          |   1 | 1.118 | 1.060 | 0.948 | 0.949
   96 | Nova Southeastern    |   2 | 1.118 | 1.110 | 0.993 | 0.829
   97 | Illinois St.         |   1 | 1.116 | 1.132 | 1.014 | 0.990
   98 | St. Marys (CA)       |   1 | 1.115 | 1.095 | 0.982 | 1.055
   99 | Richmond             |   1 | 1.108 | 1.064 | 0.960 | 1.054
  100 | Idaho St.            |   1 | 1.107 | 0.960 | 0.867 | 1.005
  101 | Missouri St.         |   1 | 1.107 | 1.250 | 1.129 | 1.041
  102 | Missouri             |   1 | 1.105 | 1.040 | 0.941 | 1.007
  103 | Wisconsin            |   1 | 1.100 | 0.971 | 0.883 | 1.012
  104 | UNI                  |   1 | 1.097 | 1.041 | 0.948 | 1.053
  105 | Harvard              |   1 | 1.096 | 1.115 | 1.018 | 0.989
  106 | Illinois             |   1 | 1.096 | 1.212 | 1.106 | 1.027
  107 | UTEP                 |   1 | 1.093 | 1.076 | 0.984 | 0.983
  108 | Wichita St.          |   1 | 1.092 | 0.927 | 0.849 | 1.008
  109 | Tulane               |   1 | 1.092 | 1.061 | 0.972 | 0.971
  110 | UC Riverside         |   1 | 1.091 | 1.115 | 1.022 | 1.004
  111 | Liberty              |   1 | 1.087 | 1.093 | 1.005 | 1.041
  112 | Portland St.         |   1 | 1.087 | 1.006 | 0.925 | 0.988
  113 | James Madison        |   1 | 1.085 | 1.123 | 1.035 | 1.062
  114 | Nevada               |   1 | 1.082 | 1.180 | 1.091 | 1.038
  115 | Albany (NY)          |   1 | 1.081 | 0.988 | 0.914 | 0.997
  116 | Ashland              |   2 | 1.077 | 1.136 | 1.054 | 0.912
  117 | Alabama              |   1 | 1.076 | 1.115 | 1.037 | 0.956
  118 | Sacred Heart         |   1 | 1.076 | 1.040 | 0.967 | 0.991
  119 | Limestone            |   2 | 1.073 | 1.118 | 1.042 | 0.882
  120 | Bowling Green        |   1 | 1.072 | 0.999 | 0.932 | 1.039
  121 | Lamar                |   1 | 1.068 | 1.007 | 0.943 | 0.959
  122 | Indiana St.          |   1 | 1.065 | 0.924 | 0.867 | 0.977
  123 | New Mexico           |   1 | 1.065 | 0.992 | 0.932 | 0.992
  124 | East Carolina        |   1 | 1.062 | 0.974 | 0.917 | 0.930
  125 | Creighton            |   1 | 1.061 | 0.950 | 0.896 | 1.055
  126 | Bradley              |   1 | 1.059 | 1.110 | 1.048 | 1.017
  127 | Mesa St.             |   2 | 1.059 | 0.967 | 0.913 | 0.834
  128 | Cal St. Northridge   |   1 | 1.057 | 0.978 | 0.925 | 1.000
  129 | Virginia Tech        |   1 | 1.053 | 0.871 | 0.828 | 1.056
  130 | St. Bonaventure      |   1 | 1.052 | 0.934 | 0.888 | 1.010
  131 | George Washington    |   1 | 1.051 | 0.890 | 0.847 | 0.976
  132 | TCU                  |   1 | 1.050 | 1.084 | 1.032 | 1.034
  133 | Montana              |   1 | 1.046 | 0.986 | 0.942 | 1.000
  134 | South Ala.           |   1 | 1.046 | 0.945 | 0.904 | 0.976
  135 | BYU                  |   1 | 1.045 | 1.014 | 0.970 | 0.998
  136 | South Carolina St.   |   1 | 1.044 | 0.952 | 0.912 | 0.977
  137 | South Dakota St.     |   1 | 1.044 | 1.011 | 0.968 | 1.059
  138 | Howard               |   1 | 1.043 | 0.902 | 0.864 | 0.996
  139 | Cincinnati           |   1 | 1.042 | 0.922 | 0.885 | 0.988
  140 | Oral Roberts         |   1 | 1.042 | 0.982 | 0.943 | 1.025
  141 | Fort Hays St.        |   2 | 1.042 | 0.969 | 0.930 | 0.887
  142 | Houston              |   1 | 1.039 | 1.085 | 1.044 | 0.988
  143 | McNeese St.          |   1 | 1.037 | 1.011 | 0.975 | 0.950
  144 | St. Francis (PA)     |   1 | 1.034 | 1.089 | 1.053 | 1.024
  145 | Tulsa                |   1 | 1.033 | 1.055 | 1.022 | 1.033
  146 | Eastern Mich.        |   1 | 1.032 | 0.966 | 0.936 | 1.090
  147 | Bentley              |   2 | 1.029 | 0.989 | 0.961 | 0.941
  148 | Radford              |   1 | 1.027 | 1.101 | 1.072 | 0.987
  149 | Fairfield            |   1 | 1.026 | 0.835 | 0.814 | 0.986
  150 | George Mason         |   1 | 1.025 | 0.988 | 0.963 | 0.965
  151 | San Francisco        |   1 | 1.024 | 1.002 | 0.979 | 1.002
  152 | Memphis              |   1 | 1.023 | 1.169 | 1.142 | 0.968
  153 | Col. of Charleston   |   1 | 1.022 | 1.009 | 0.987 | 1.025
  154 | Indianapolis         |   2 | 1.021 | 0.976 | 0.955 | 0.936
  155 | Loyola Marymount     |   1 | 1.021 | 1.086 | 1.064 | 1.035
  156 | UTSA                 |   1 | 1.020 | 0.864 | 0.847 | 0.946
  157 | Denver               |   1 | 1.019 | 1.033 | 1.013 | 1.020
  158 | Sacramento St.       |   1 | 1.018 | 1.157 | 1.137 | 0.980
  159 | Western Ky.          |   1 | 1.015 | 1.061 | 1.046 | 0.976
  160 | S.C. Aiken           |   2 | 1.013 | 1.008 | 0.996 | 0.880
  161 | FIU                  |   1 | 1.012 | 0.995 | 0.983 | 1.019
  162 | Northern Ill.        |   1 | 1.010 | 0.991 | 0.980 | 1.001
  163 | Oregon St.           |   1 | 1.010 | 0.976 | 0.967 | 1.014
  164 | Washington St.       |   1 | 1.009 | 1.020 | 1.010 | 1.029
  165 | Cal St. Fullerton    |   1 | 1.007 | 0.984 | 0.977 | 1.011
  166 | Arizona              |   1 | 1.006 | 1.009 | 1.003 | 0.993
  167 | UCF                  |   1 | 1.005 | 1.011 | 1.006 | 1.023
  168 | Hawaii               |   1 | 1.005 | 0.997 | 0.992 | 1.122
  169 | Indiana (PA)         |   2 | 1.002 | 0.957 | 0.955 | 0.837
  170 | Cleveland St.        |   1 | 1.001 | 1.046 | 1.044 | 0.993
  171 | Samford              |   1 | 1.000 | 0.788 | 0.788 | 0.951
  172 | Long Beach St.       |   1 | 0.999 | 1.000 | 1.001 | 1.024
  173 | Nicholls St.         |   1 | 0.999 | 1.038 | 1.038 | 0.969
  174 | Miami (OH)           |   1 | 0.995 | 0.961 | 0.965 | 1.015
  175 | Western Ill.         |   1 | 0.994 | 1.079 | 1.085 | 1.030
  176 | Stephen F. Austin    |   1 | 0.994 | 1.068 | 1.074 | 0.954
  177 | Augustana (SD)       |   2 | 0.994 | 1.036 | 1.042 | 0.893
  178 | Bucknell             |   1 | 0.994 | 0.970 | 0.976 | 0.978
  179 | Southern California  |   1 | 0.993 | 1.049 | 1.056 | 1.027
  180 | Davidson             |   1 | 0.990 | 0.938 | 0.948 | 0.990
  181 | Texas St.            |   1 | 0.989 | 1.210 | 1.223 | 1.028
  182 | Indiana              |   1 | 0.988 | 0.935 | 0.946 | 0.965
  183 | Santa Clara          |   1 | 0.986 | 1.101 | 1.117 | 1.049
  184 | N.C. A&T             |   1 | 0.985 | 0.924 | 0.938 | 0.955
  185 | Central Conn. St.    |   1 | 0.984 | 1.040 | 1.057 | 1.024
  186 | Neb.-Omaha           |   1 | 0.983 | 0.912 | 0.928 | 0.915
  187 | Boise St.            |   1 | 0.983 | 1.079 | 1.098 | 0.964
  188 | Fla. Atlantic        |   1 | 0.982 | 1.158 | 1.178 | 0.961
  189 | Northern Mich.       |   2 | 0.982 | 0.832 | 0.847 | 0.737
  190 | Clemson              |   1 | 0.982 | 0.929 | 0.946 | 1.020
  191 | Butler               |   1 | 0.981 | 1.063 | 1.084 | 1.005
  192 | VCU                  |   1 | 0.981 | 1.039 | 1.059 | 0.965
  193 | Niagara              |   1 | 0.981 | 1.094 | 1.116 | 0.967
  194 | Winthrop             |   1 | 0.980 | 1.076 | 1.097 | 1.029
  195 | Clayton St.          |   2 | 0.979 | 0.924 | 0.944 | 0.867
  196 | St. Louis            |   1 | 0.978 | 0.837 | 0.856 | 1.007
  197 | Rice                 |   1 | 0.977 | 0.979 | 1.002 | 1.071
  198 | Seattle              |   1 | 0.977 | 1.051 | 1.076 | 1.005
  199 | Pittsburgh           |   1 | 0.975 | 1.006 | 1.032 | 0.943
  200 | North Texas          |   1 | 0.974 | 1.049 | 1.077 | 1.010
  201 | Southern Miss.       |   1 | 0.974 | 0.985 | 1.012 | 0.995
  202 | IUPUI                |   1 | 0.973 | 1.020 | 1.048 | 0.993
  203 | Louisiana Tech       |   1 | 0.973 | 1.024 | 1.052 | 1.027
  204 | Wright St.           |   1 | 0.971 | 1.089 | 1.121 | 1.039
  205 | Elon                 |   1 | 0.971 | 1.010 | 1.040 | 0.993
  206 | Wake Forest          |   1 | 0.971 | 1.044 | 1.075 | 1.061
  207 | Dartmouth            |   1 | 0.970 | 0.998 | 1.029 | 1.067
  208 | Southern Utah        |   1 | 0.970 | 1.037 | 1.070 | 1.005
  209 | High Point           |   1 | 0.968 | 1.022 | 1.055 | 1.019
  210 | Canisius             |   1 | 0.967 | 0.961 | 0.994 | 0.985
  211 | Penn                 |   1 | 0.967 | 0.949 | 0.981 | 0.995
  212 | Eastern Wash.        |   1 | 0.965 | 0.955 | 0.989 | 1.031
  213 | American             |   1 | 0.964 | 1.023 | 1.061 | 0.996
  214 | Colorado St.         |   1 | 0.964 | 0.931 | 0.966 | 1.027
  215 | Tennessee St.        |   1 | 0.963 | 0.959 | 0.995 | 1.026
  216 | Washburn             |   2 | 0.963 | 0.970 | 1.007 | 0.903
  217 | Central Ark.         |   1 | 0.962 | 0.850 | 0.883 | 0.962
  218 | Mississippi          |   1 | 0.960 | 1.055 | 1.099 | 0.955
  219 | Milwaukee            |   1 | 0.960 | 1.091 | 1.138 | 1.014
  220 | Oregon               |   1 | 0.958 | 1.132 | 1.182 | 1.069
  221 | New Hampshire        |   1 | 0.956 | 0.886 | 0.926 | 0.999
  222 | William & Mary       |   1 | 0.956 | 1.084 | 1.134 | 0.970
  223 | Marshall             |   1 | 0.953 | 0.937 | 0.983 | 0.966
  224 | Mass.-Lowell         |   2 | 0.953 | 1.205 | 1.265 | 0.912
  225 | East Tenn. St.       |   1 | 0.952 | 1.045 | 1.099 | 1.010
  226 | Augusta St.          |   2 | 0.952 | 0.944 | 0.992 | 0.842
  227 | SIU Edwardsville     |   1 | 0.952 | 0.925 | 0.972 | 1.004
  228 | New Mexico St.       |   1 | 0.951 | 0.918 | 0.966 | 0.999
  229 | Loyola Maryland      |   1 | 0.950 | 0.911 | 0.958 | 1.006
  230 | Mississippi Val.     |   1 | 0.950 | 0.956 | 1.006 | 1.055
  231 | La Salle             |   1 | 0.950 | 0.927 | 0.976 | 1.053
  232 | Navy                 |   1 | 0.949 | 0.901 | 0.950 | 0.940
  233 | Minn. St. Mankato    |   2 | 0.948 | 1.153 | 1.217 | 0.864
  234 | Hofstra              |   1 | 0.947 | 1.046 | 1.104 | 1.065
  235 | California (PA)      |   2 | 0.947 | 0.951 | 1.004 | 0.843
  236 | Providence           |   1 | 0.946 | 0.978 | 1.034 | 1.045
  237 | Colgate              |   1 | 0.946 | 0.947 | 1.000 | 1.045
  238 | Oakland              |   1 | 0.946 | 0.910 | 0.961 | 0.978
  239 | Mississippi St.      |   1 | 0.946 | 0.949 | 1.004 | 1.001
  240 | Eastern Ky.          |   1 | 0.942 | 0.934 | 0.991 | 0.982
  241 | Stetson              |   1 | 0.942 | 1.019 | 1.082 | 0.995
  242 | UC Santa Barbara     |   1 | 0.940 | 0.806 | 0.858 | 1.001
  243 | Massachusetts        |   1 | 0.939 | 1.017 | 1.084 | 1.010
  244 | Sam Houston St.      |   1 | 0.939 | 0.984 | 1.048 | 0.983
  245 | Pepperdine           |   1 | 0.937 | 0.962 | 1.026 | 1.028
  246 | Holy Cross           |   1 | 0.935 | 1.001 | 1.071 | 0.990
  247 | Stony Brook          |   1 | 0.934 | 0.839 | 0.898 | 0.965
  248 | Stonehill            |   2 | 0.933 | 0.907 | 0.972 | 0.904
  249 | Utah St.             |   1 | 0.933 | 1.114 | 1.194 | 0.998
  250 | Tennessee Tech       |   1 | 0.930 | 0.982 | 1.055 | 1.014
  251 | Texas Southern       |   1 | 0.929 | 0.926 | 0.996 | 1.051
  252 | Bloomsburg           |   2 | 0.929 | 0.997 | 1.072 | 0.834
  253 | Arkansas St.         |   1 | 0.925 | 0.913 | 0.987 | 1.023
  254 | Towson               |   1 | 0.923 | 0.857 | 0.928 | 0.936
  255 | Western Wash.        |   2 | 0.922 | 0.968 | 1.049 | 0.901
  256 | Truman               |   2 | 0.920 | 0.921 | 1.001 | 0.902
  257 | Valparaiso           |   1 | 0.918 | 0.956 | 1.041 | 1.036
  258 | Northwest Mo. St.    |   2 | 0.918 | 0.922 | 1.004 | 0.845
  259 | Yale                 |   1 | 0.918 | 1.068 | 1.163 | 1.021
  260 | Cornell              |   1 | 0.918 | 0.999 | 1.088 | 0.983
  261 | Loyola (IL)          |   1 | 0.916 | 1.009 | 1.102 | 0.970
  262 | South Dakota         |   1 | 0.915 | 0.932 | 1.018 | 0.985
  263 | Millersville         |   2 | 0.915 | 0.994 | 1.087 | 0.836
  264 | Campbell             |   1 | 0.913 | 0.946 | 1.036 | 0.919
  265 | Monmouth             |   1 | 0.913 | 0.977 | 1.071 | 0.978
  266 | Belmont              |   1 | 0.912 | 0.937 | 1.027 | 0.989
  267 | Rhode Island         |   1 | 0.912 | 0.798 | 0.876 | 0.993
  268 | Northern Ky.         |   1 | 0.911 | 0.908 | 0.996 | 1.017
  269 | Southeastern La.     |   1 | 0.909 | 1.078 | 1.186 | 0.949
  270 | UNLV                 |   1 | 0.908 | 1.017 | 1.120 | 0.987
  271 | Bryant               |   1 | 0.908 | 1.015 | 1.119 | 0.979
  272 | Southeast Mo. St.    |   1 | 0.907 | 0.923 | 1.018 | 0.977
  273 | Northern Colo.       |   1 | 0.905 | 0.884 | 0.977 | 0.985
  274 | Gannon               |   2 | 0.905 | 0.962 | 1.063 | 0.911
  275 | Assumption           |   2 | 0.904 | 0.938 | 1.038 | 0.879
  276 | Drake                |   1 | 0.904 | 1.039 | 1.150 | 0.973
  277 | Coppin St.           |   1 | 0.900 | 1.041 | 1.156 | 0.884
  278 | Prairie View         |   1 | 0.899 | 0.861 | 0.958 | 0.976
  279 | Merrimack            |   2 | 0.898 | 0.972 | 1.083 | 0.901
  280 | Rider                |   1 | 0.897 | 0.960 | 1.070 | 0.979
  281 | St. Leo              |   2 | 0.897 | 1.031 | 1.150 | 0.900
  282 | Winona St.           |   2 | 0.897 | 0.889 | 0.991 | 0.828
  283 | St. Francis (NY)     |   1 | 0.896 | 0.942 | 1.051 | 0.953
  284 | Holy Family          |   2 | 0.895 | 0.933 | 1.043 | 0.870
  285 | Troy                 |   1 | 0.895 | 1.217 | 1.360 | 0.975
  286 | UNC Wilmington       |   1 | 0.895 | 0.942 | 1.052 | 0.981
  287 | Pittsburg St.        |   2 | 0.895 | 1.032 | 1.152 | 0.852
  288 | Murray St.           |   1 | 0.894 | 0.984 | 1.101 | 0.944
  289 | Iona                 |   1 | 0.894 | 0.983 | 1.099 | 1.020
  290 | Western Mich.        |   1 | 0.894 | 0.956 | 1.070 | 1.004
  291 | Cal St. Chico        |   2 | 0.893 | 0.913 | 1.022 | 0.835
  292 | NYIT                 |   2 | 0.892 | 1.013 | 1.136 | 0.831
  293 | Lehigh               |   1 | 0.891 | 0.869 | 0.976 | 0.986
  294 | DePauw               |   3 | 0.891 | 0.875 | 0.983 | 0.809
  295 | Eastern Ill.         |   1 | 0.890 | 0.970 | 1.090 | 1.012
  296 | Maryville (MO)       |   2 | 0.889 | 0.959 | 1.078 | 0.827
  297 | Mo. Western St.      |   2 | 0.887 | 0.992 | 1.119 | 0.902
  298 | Wofford              |   1 | 0.887 | 0.922 | 1.040 | 0.953
  299 | Norfolk St.          |   1 | 0.887 | 0.912 | 1.029 | 0.984
  300 | Presbyterian         |   1 | 0.886 | 0.851 | 0.961 | 1.013
  301 | Michigan Tech        |   2 | 0.886 | 1.125 | 1.270 | 0.905
  302 | Central Mo.          |   2 | 0.885 | 1.048 | 1.185 | 0.890
  303 | UC Irvine            |   1 | 0.885 | 0.864 | 0.977 | 1.008
  304 | Mount Olive          |   2 | 0.881 | 0.948 | 1.077 | 0.812
  305 | Lewis                |   2 | 0.879 | 1.064 | 1.210 | 0.917
  306 | Cal St. Bakersfield  |   1 | 0.879 | 0.988 | 1.125 | 1.007
  307 | Findlay              |   2 | 0.876 | 0.961 | 1.096 | 0.883
  308 | Northern Ariz.       |   1 | 0.876 | 0.988 | 1.127 | 1.008
  309 | Idaho                |   1 | 0.875 | 1.011 | 1.155 | 1.012
  310 | Buffalo              |   1 | 0.875 | 0.963 | 1.101 | 1.027
  311 | Army                 |   1 | 0.870 | 0.906 | 1.042 | 0.906
  312 | Montclair St.        |   3 | 0.870 | 0.923 | 1.061 | 0.778
  313 | San Jose St.         |   1 | 0.870 | 1.069 | 1.228 | 0.985
  314 | East Central         |   2 | 0.868 | 0.976 | 1.124 | 0.857
  315 | UC Davis             |   1 | 0.868 | 1.006 | 1.159 | 1.009
  316 | Grand Canyon         |   2 | 0.866 | 0.926 | 1.069 | 0.867
  317 | St. Cloud St.        |   2 | 0.864 | 0.958 | 1.109 | 0.843
  318 | La.-Monroe           |   1 | 0.864 | 0.937 | 1.084 | 1.019
  319 | Brown                |   1 | 0.864 | 0.874 | 1.012 | 0.951
  320 | Southwestern Okla.   |   2 | 0.862 | 1.024 | 1.187 | 0.841
  321 | Robert Morris        |   1 | 0.862 | 0.887 | 1.029 | 1.048
  322 | Amherst              |   3 | 0.862 | 0.873 | 1.013 | 0.774
  323 | Ill.-Chicago         |   1 | 0.861 | 0.977 | 1.135 | 0.984
  324 | Southern Ind.        |   2 | 0.858 | 0.998 | 1.164 | 0.829
  325 | Mercer               |   1 | 0.857 | 0.895 | 1.045 | 0.979
  326 | Hope                 |   3 | 0.857 | 0.837 | 0.977 | 0.754
  327 | Ohio                 |   1 | 0.857 | 0.873 | 1.019 | 1.027
  328 | La.-Lafayette        |   1 | 0.856 | 1.000 | 1.168 | 0.991
  329 | Coastal Caro.        |   1 | 0.856 | 0.831 | 0.971 | 0.907
  330 | Francis Marion       |   2 | 0.856 | 0.946 | 1.105 | 0.865
  331 | Austin Peay          |   1 | 0.854 | 1.038 | 1.216 | 1.012
  332 | Wayne St. (MI)       |   2 | 0.853 | 0.991 | 1.162 | 0.895
  333 | Tusculum             |   2 | 0.852 | 0.916 | 1.075 | 0.875
  334 | North Dakota         |   1 | 0.852 | 0.904 | 1.061 | 1.063
  335 | IPFW                 |   1 | 0.851 | 0.912 | 1.072 | 0.943
  336 | Charleston So.       |   1 | 0.850 | 0.971 | 1.143 | 0.958
  337 | Vermont              |   1 | 0.849 | 0.943 | 1.110 | 0.954
  338 | Northwood (MI)       |   2 | 0.849 | 1.009 | 1.189 | 0.878
  339 | Savannah St.         |   1 | 0.848 | 0.916 | 1.080 | 1.060
  340 | Siena                |   1 | 0.848 | 0.873 | 1.030 | 0.951
  341 | Tufts                |   3 | 0.847 | 0.815 | 0.962 | 0.787
  342 | Mt. St. Marys        |   1 | 0.846 | 0.904 | 1.069 | 1.023
  343 | Dowling              |   2 | 0.846 | 0.832 | 0.984 | 0.845
  344 | NJIT                 |   1 | 0.846 | 0.880 | 1.041 | 0.908
  345 | Maine                |   1 | 0.846 | 0.916 | 1.083 | 1.041
  346 | Franklin Pierce      |   2 | 0.845 | 0.942 | 1.114 | 0.886
  347 | Long Island          |   1 | 0.845 | 0.945 | 1.118 | 0.951
  348 | Manhattan            |   1 | 0.844 | 0.879 | 1.041 | 0.973
  349 | Jackson St.          |   1 | 0.843 | 0.949 | 1.125 | 1.002
  350 | U New England        |   3 | 0.842 | 0.866 | 1.029 | 0.807
  351 | Seton Hall           |   1 | 0.839 | 0.849 | 1.012 | 1.017
  352 | Regis (CO)           |   2 | 0.838 | 1.019 | 1.217 | 0.921
  353 | Morgan St.           |   1 | 0.838 | 0.982 | 1.173 | 0.961
  354 | Bemidji St.          |   2 | 0.836 | 0.968 | 1.157 | 0.922
  355 | West Tex. A&M        |   2 | 0.834 | 0.845 | 1.013 | 0.912
  356 | St. Marys (TX)       |   2 | 0.834 | 0.948 | 1.136 | 0.878
  357 | Utah Valley          |   1 | 0.831 | 0.955 | 1.149 | 0.985
  358 | Minn.-Crookston      |   2 | 0.830 | 0.970 | 1.169 | 0.851
  359 | Delaware St.         |   1 | 0.829 | 0.887 | 1.070 | 0.978
  360 | Alas. Anchorage      |   2 | 0.829 | 0.937 | 1.130 | 0.897
  361 | Minn. Duluth         |   2 | 0.829 | 0.949 | 1.145 | 0.914
  362 | Furman               |   1 | 0.829 | 0.950 | 1.145 | 1.014
  363 | Lenoir-Rhyne         |   2 | 0.829 | 0.907 | 1.095 | 0.898
  364 | Evansville           |   1 | 0.829 | 0.878 | 1.060 | 1.013
  365 | Grand Valley St.     |   2 | 0.828 | 0.942 | 1.137 | 0.888
  366 | Portland             |   1 | 0.828 | 0.880 | 1.064 | 1.030
  367 | Ala.-Huntsville      |   2 | 0.827 | 0.989 | 1.196 | 0.901
  368 | Pfeiffer             |   2 | 0.826 | 0.956 | 1.157 | 0.889
  369 | Newberry             |   2 | 0.826 | 0.913 | 1.104 | 0.895
  370 | Jacksonville         |   1 | 0.825 | 1.009 | 1.223 | 0.947
  371 | Gardner-Webb         |   1 | 0.824 | 0.875 | 1.062 | 0.948
  372 | Wis.-Stevens Point   |   3 | 0.823 | 0.892 | 1.084 | 0.800
  373 | American Intl        |   2 | 0.821 | 0.809 | 0.985 | 0.862
  374 | Minn. St. Moorhead   |   2 | 0.820 | 0.929 | 1.132 | 0.837
  375 | Eckerd               |   2 | 0.820 | 0.950 | 1.160 | 0.851
  376 | St. Michaels         |   2 | 0.820 | 0.858 | 1.046 | 0.930
  377 | Academy of Art       |   2 | 0.819 | 1.031 | 1.259 | 0.843
  378 | Simpson              |   3 | 0.818 | 0.956 | 1.169 | 0.786
  379 | UMKC                 |   1 | 0.818 | 0.935 | 1.143 | 0.979
  380 | King (TN)            |   2 | 0.818 | 0.864 | 1.057 | 0.893
  381 | North Dakota St.     |   1 | 0.817 | 0.959 | 1.174 | 0.976
  382 | Lincoln (MO)         |   2 | 0.817 | 0.920 | 1.126 | 0.914
  383 | Morehead St.         |   1 | 0.814 | 0.815 | 1.002 | 1.026
  384 | Smith                |   3 | 0.813 | 0.954 | 1.174 | 0.803
  385 | Ferris St.           |   2 | 0.811 | 0.942 | 1.162 | 0.923
  386 | Tex. Permian Basin   |   2 | 0.811 | 0.910 | 1.122 | 0.881
  387 | Abilene Christian    |   2 | 0.810 | 1.088 | 1.343 | 0.861
  388 | Fayetteville St.     |   2 | 0.810 | 1.051 | 1.298 | 0.869
  389 | Northeastern St.     |   2 | 0.810 | 0.875 | 1.081 | 0.876
  390 | Ouachita Baptist     |   2 | 0.808 | 0.944 | 1.168 | 0.831
  391 | Lafayette            |   1 | 0.808 | 0.827 | 1.023 | 0.987
  392 | Ga. Southern         |   1 | 0.807 | 0.848 | 1.051 | 0.989
  393 | Cal St. Monterey Bay |   2 | 0.807 | 0.799 | 0.991 | 0.831
  394 | Florida A&M          |   1 | 0.806 | 0.999 | 1.239 | 0.960
  395 | Elizabeth City St.   |   2 | 0.805 | 0.983 | 1.221 | 0.819
  396 | Kennesaw St.         |   1 | 0.805 | 0.845 | 1.050 | 0.988
  397 | Messiah              |   3 | 0.804 | 0.889 | 1.106 | 0.815
  398 | Metro St.            |   2 | 0.803 | 0.872 | 1.086 | 0.909
  399 | Tampa                |   2 | 0.803 | 0.833 | 1.037 | 0.848
  400 | UNC Greensboro       |   1 | 0.801 | 0.878 | 1.096 | 0.962
  401 | Bellarmine           |   2 | 0.799 | 0.951 | 1.189 | 0.834
  402 | Longwood             |   1 | 0.799 | 0.986 | 1.234 | 0.985
  403 | Valdosta St.         |   2 | 0.799 | 0.876 | 1.096 | 0.855
  404 | Alcorn St.           |   1 | 0.798 | 0.840 | 1.053 | 1.038
  405 | Ball St.             |   1 | 0.797 | 0.862 | 1.082 | 0.948
  406 | Concordia-St. Paul   |   2 | 0.797 | 0.898 | 1.127 | 0.876
  407 | Southern N.H.        |   2 | 0.795 | 0.838 | 1.055 | 0.909
  408 | Southern Ill.        |   1 | 0.795 | 0.966 | 1.215 | 0.972
  409 | Alabama A&M          |   1 | 0.794 | 0.921 | 1.161 | 1.032
  410 | UC San Diego         |   2 | 0.794 | 0.918 | 1.155 | 0.907
  411 | Central Okla.        |   2 | 0.794 | 0.892 | 1.124 | 0.857
  412 | Kutztown             |   2 | 0.793 | 0.927 | 1.169 | 0.870
  413 | Bethune-Cookman      |   1 | 0.792 | 0.839 | 1.060 | 0.944
  414 | Queens (NY)          |   2 | 0.792 | 0.830 | 1.048 | 0.861
  415 | Delta St.            |   2 | 0.789 | 0.974 | 1.234 | 0.848
  416 | UC-Colo. Springs     |   2 | 0.788 | 0.948 | 1.203 | 0.844
  417 | Adelphi              |   2 | 0.787 | 0.989 | 1.257 | 0.857
  418 | Midwestern St.       |   2 | 0.786 | 0.945 | 1.202 | 0.834
  419 | Shippensburg         |   2 | 0.786 | 0.935 | 1.189 | 0.837
  420 | Carson-Newman        |   2 | 0.785 | 0.834 | 1.063 | 0.848
  421 | Florida Tech         |   2 | 0.785 | 0.999 | 1.272 | 0.835
  422 | Fairmont St.         |   2 | 0.785 | 0.914 | 1.165 | 0.910
  423 | Rollins              |   2 | 0.784 | 0.857 | 1.093 | 0.821
  424 | Arkansas Tech        |   2 | 0.784 | 0.934 | 1.191 | 0.938
  425 | UMBC                 |   1 | 0.784 | 0.913 | 1.165 | 0.950
  426 | Northwestern St.     |   1 | 0.784 | 0.813 | 1.037 | 0.968
  427 | Harding              |   2 | 0.783 | 0.942 | 1.203 | 0.886
  428 | Glenville St.        |   2 | 0.782 | 1.175 | 1.503 | 0.877
  429 | Edinboro             |   2 | 0.782 | 1.005 | 1.285 | 0.882
  430 | Northwest Nazarene   |   2 | 0.782 | 0.891 | 1.138 | 0.905
  431 | Mary                 |   2 | 0.781 | 0.917 | 1.175 | 0.887
  432 | Seattle Pacific      |   2 | 0.780 | 0.955 | 1.223 | 0.852
  433 | Emmanuel (MA)        |   3 | 0.780 | 0.828 | 1.062 | 0.813
  434 | C.W. Post            |   2 | 0.780 | 0.984 | 1.262 | 0.865
  435 | Mont. St. Billings   |   2 | 0.778 | 0.925 | 1.189 | 0.869
  436 | Colorado St.-Pueblo  |   2 | 0.775 | 0.836 | 1.079 | 0.835
  437 | Dist. Columbia       |   2 | 0.775 | 0.949 | 1.225 | 0.856
  438 | Drury                |   2 | 0.775 | 0.878 | 1.133 | 0.910
  439 | Winston-Salem        |   2 | 0.774 | 0.766 | 0.990 | 0.909
  440 | Dixie St.            |   2 | 0.774 | 1.015 | 1.312 | 0.865
  441 | UNC Pembroke         |   2 | 0.773 | 0.880 | 1.139 | 0.896
  442 | Shepherd             |   2 | 0.773 | 0.983 | 1.272 | 0.881
  443 | Incarnate Word       |   2 | 0.773 | 0.796 | 1.030 | 0.867
  444 | Pitt.-Johnstown      |   2 | 0.772 | 0.885 | 1.145 | 0.858
  445 | S.C. Upstate         |   1 | 0.771 | 0.830 | 1.076 | 1.017
  446 | Washington-St. Louis |   3 | 0.771 | 0.945 | 1.225 | 0.826
  447 | Colo. Christian      |   2 | 0.771 | 1.064 | 1.379 | 0.843
  448 | Columbus St.         |   2 | 0.770 | 0.982 | 1.276 | 0.875
  449 | West Chester         |   2 | 0.770 | 1.010 | 1.311 | 0.909
  450 | Calvin               |   3 | 0.769 | 0.973 | 1.266 | 0.806
  451 | Bridgeport           |   2 | 0.769 | 0.879 | 1.142 | 0.869
  452 | Cornell College      |   3 | 0.768 | 0.846 | 1.102 | 0.758
  453 | Coker                |   2 | 0.767 | 0.911 | 1.188 | 0.870
  454 | Cal St. East Bay     |   2 | 0.767 | 0.734 | 0.958 | 0.829
  455 | Tarleton St.         |   2 | 0.766 | 0.938 | 1.225 | 0.894
  456 | Md.-East. Shore      |   1 | 0.765 | 0.817 | 1.067 | 0.982
  457 | West Ga.             |   2 | 0.764 | 0.825 | 1.080 | 0.909
  458 | Southwest Baptist    |   2 | 0.763 | 0.799 | 1.048 | 0.834
  459 | Southern U.          |   1 | 0.762 | 0.819 | 1.075 | 1.012
  460 | Wis.-Parkside        |   2 | 0.761 | 0.803 | 1.056 | 0.861
  461 | Fairleigh Dickinson  |   1 | 0.757 | 0.852 | 1.126 | 0.994
  462 | Jacksonville St.     |   1 | 0.757 | 0.839 | 1.109 | 0.973
  463 | Anderson (SC)        |   2 | 0.755 | 0.877 | 1.162 | 0.851
  464 | Ohio Northern        |   3 | 0.754 | 0.895 | 1.187 | 0.790
  465 | Virginia St.         |   2 | 0.753 | 0.862 | 1.145 | 0.801
  466 | Wingate              |   2 | 0.753 | 0.852 | 1.132 | 0.888
  467 | Cal Poly Pomona      |   2 | 0.752 | 0.843 | 1.121 | 0.866
  468 | Lipscomb             |   1 | 0.752 | 0.784 | 1.042 | 1.004
  469 | Lincoln (PA)         |   2 | 0.750 | 0.884 | 1.178 | 0.910
  470 | North Ala.           |   2 | 0.749 | 0.894 | 1.194 | 0.826
  471 | Williams             |   3 | 0.749 | 0.743 | 0.992 | 0.812
  472 | FDU-Florham          |   3 | 0.748 | 0.861 | 1.151 | 0.736
  473 | St. Anselm           |   2 | 0.748 | 0.737 | 0.986 | 0.883
  474 | Benedict             |   2 | 0.748 | 0.813 | 1.087 | 0.913
  475 | Quincy               |   2 | 0.747 | 0.899 | 1.204 | 0.949
  476 | Barton               |   2 | 0.747 | 0.834 | 1.115 | 0.825
  477 | Montevallo           |   2 | 0.746 | 0.908 | 1.217 | 0.867
  478 | Hawaii Pacific       |   2 | 0.746 | 0.864 | 1.159 | 0.859
  479 | Grambling            |   1 | 0.746 | 0.854 | 1.144 | 1.028
  480 | Queens (NC)          |   2 | 0.745 | 0.956 | 1.283 | 0.847
  481 | Angelo St.           |   2 | 0.745 | 0.853 | 1.145 | 0.857
  482 | Lewis & Clark        |   3 | 0.745 | 0.884 | 1.186 | 0.733
  483 | Weber St.            |   1 | 0.743 | 0.874 | 1.177 | 1.040
  484 | North Florida        |   1 | 0.743 | 0.752 | 1.013 | 1.018
  485 | Tex.-Pan American    |   1 | 0.741 | 0.851 | 1.149 | 0.950
  486 | Central Wash.        |   2 | 0.740 | 0.870 | 1.176 | 0.866
  487 | New Haven            |   2 | 0.740 | 0.967 | 1.307 | 0.871
  488 | Colorado Mines       |   2 | 0.738 | 0.912 | 1.236 | 0.852
  489 | Ferrum               |   3 | 0.738 | 0.945 | 1.282 | 0.785
  490 | Wheaton (IL)         |   3 | 0.737 | 0.834 | 1.130 | 0.745
  491 | Goldey-Beacom        |   2 | 0.737 | 0.839 | 1.139 | 0.893
  492 | Bloomfield           |   2 | 0.736 | 0.800 | 1.087 | 0.869
  493 | St. Marys (MN)       |   3 | 0.735 | 0.738 | 1.005 | 0.773
  494 | Armstrong Atlantic   |   2 | 0.735 | 0.908 | 1.236 | 0.878
  495 | Western Caro.        |   1 | 0.735 | 0.765 | 1.040 | 0.901
  496 | Binghamton           |   1 | 0.735 | 0.773 | 1.051 | 0.977
  497 | Mercyhurst           |   2 | 0.733 | 0.839 | 1.144 | 0.945
  498 | Emory                |   3 | 0.732 | 0.921 | 1.259 | 0.730
  499 | St. Augustines       |   2 | 0.730 | 0.931 | 1.275 | 0.876
  500 | Hawaii Hilo          |   2 | 0.730 | 0.868 | 1.189 | 0.879
  501 | Emporia St.          |   2 | 0.729 | 0.889 | 1.220 | 0.832
  502 | Albany St. (GA)      |   2 | 0.727 | 0.849 | 1.167 | 0.871
  503 | Hillsdale            |   2 | 0.727 | 0.850 | 1.168 | 0.867
  504 | A&M-Corpus Christi   |   1 | 0.726 | 0.801 | 1.103 | 0.998
  505 | Bluefield St.        |   2 | 0.726 | 1.020 | 1.405 | 0.898
  506 | Northern St.         |   2 | 0.726 | 0.849 | 1.169 | 0.886
  507 | Dominican (NY)       |   2 | 0.725 | 0.842 | 1.162 | 0.891
  508 | Catawba              |   2 | 0.725 | 0.916 | 1.263 | 0.883
  509 | Columbia             |   1 | 0.725 | 0.725 | 0.999 | 0.920
  510 | Wayne St. (NE)       |   2 | 0.725 | 0.891 | 1.229 | 0.997
  511 | Houston Baptist      |   1 | 0.724 | 0.852 | 1.176 | 0.948
  512 | Lebanon Valley       |   3 | 0.723 | 0.839 | 1.161 | 0.793
  513 | Davis & Elkins       |   2 | 0.722 | 0.872 | 1.208 | 0.879
  514 | Wagner               |   1 | 0.722 | 0.858 | 1.188 | 0.935
  515 | West Liberty         |   2 | 0.721 | 0.944 | 1.309 | 0.865
  516 | Rochester (NY)       |   3 | 0.721 | 0.813 | 1.126 | 0.786
  517 | St. Thomas (MN)      |   3 | 0.720 | 0.843 | 1.170 | 0.810
  518 | Fort Lewis           |   2 | 0.719 | 0.867 | 1.205 | 0.889
  519 | Fla. Southern        |   2 | 0.719 | 0.810 | 1.127 | 0.869
  520 | Cal St. L.A.         |   2 | 0.719 | 0.997 | 1.387 | 0.851
  521 | Texas-Arlington      |   1 | 0.718 | 0.882 | 1.229 | 1.023
  522 | Ark.-Monticello      |   2 | 0.718 | 0.887 | 1.235 | 0.823
  523 | Oswego St.           |   3 | 0.718 | 0.717 | 0.998 | 0.742
  524 | Pace                 |   2 | 0.717 | 0.767 | 1.069 | 0.862
  525 | USP                  |   2 | 0.715 | 0.831 | 1.162 | 0.858
  526 | York (PA)            |   3 | 0.714 | 0.785 | 1.099 | 0.767
  527 | Humboldt St.         |   2 | 0.714 | 0.808 | 1.131 | 0.866
  528 | Philadelphia U.      |   2 | 0.714 | 0.825 | 1.156 | 0.853
  529 | West Virginia St.    |   2 | 0.713 | 0.966 | 1.354 | 0.835
  530 | Henderson St.        |   2 | 0.710 | 0.886 | 1.247 | 0.809
  531 | Paine                |   2 | 0.710 | 0.811 | 1.142 | 0.885
  532 | Brevard              |   2 | 0.710 | 0.909 | 1.280 | 0.891
  533 | East Stroudsburg     |   2 | 0.709 | 0.860 | 1.212 | 0.888
  534 | Mo. Southern St.     |   2 | 0.708 | 0.889 | 1.255 | 0.854
  535 | Ky. Wesleyan         |   2 | 0.708 | 0.882 | 1.246 | 1.033
  536 | Rockhurst            |   2 | 0.708 | 0.863 | 1.220 | 0.912
  537 | New Orleans          |   1 | 0.707 | 0.824 | 1.165 | 0.972
  538 | Southern Me.         |   3 | 0.706 | 0.850 | 1.204 | 0.769
  539 | Western Conn. St.    |   3 | 0.706 | 0.807 | 1.144 | 0.793
  540 | Caldwell             |   2 | 0.706 | 0.852 | 1.207 | 0.890
  541 | Georgia College      |   2 | 0.705 | 0.856 | 1.215 | 0.870
  542 | Tuskegee             |   2 | 0.704 | 0.807 | 1.147 | 0.902
  543 | Louisiana Col.       |   3 | 0.704 | 1.045 | 1.485 | 0.721
  544 | Clark Atlanta        |   2 | 0.704 | 0.907 | 1.288 | 0.881
  545 | Lynn                 |   2 | 0.703 | 0.858 | 1.221 | 0.794
  546 | Saginaw Valley       |   2 | 0.703 | 0.842 | 1.197 | 0.863
  547 | West Ala.            |   2 | 0.703 | 0.880 | 1.251 | 0.827
  548 | St. Martins          |   2 | 0.702 | 0.879 | 1.252 | 0.922
  549 | Babson               |   3 | 0.701 | 0.812 | 1.159 | 0.785
  550 | George Fox           |   3 | 0.701 | 0.783 | 1.118 | 0.799
  551 | Wis.-Superior        |   3 | 0.699 | 0.920 | 1.316 | 0.811
  552 | Southern Conn. St.   |   2 | 0.699 | 0.895 | 1.280 | 0.898
  553 | Neb.-Kearney         |   2 | 0.697 | 0.856 | 1.227 | 0.884
  554 | Palm Beach Atl.      |   2 | 0.697 | 0.892 | 1.279 | 0.935
  555 | Catholic             |   3 | 0.697 | 0.766 | 1.098 | 0.763
  556 | East. Mennonite      |   3 | 0.697 | 0.841 | 1.208 | 0.827
  557 | Wis.-Whitewater      |   3 | 0.697 | 0.861 | 1.235 | 0.774
  558 | Fort Valley St.      |   2 | 0.696 | 0.855 | 1.229 | 0.871
  559 | Ark.-Pine Bluff      |   1 | 0.696 | 0.793 | 1.139 | 1.058
  560 | Swarthmore           |   3 | 0.696 | 0.850 | 1.222 | 0.776
  561 | St. Edwards          |   2 | 0.695 | 0.854 | 1.228 | 0.839
  562 | SUNY Geneseo         |   3 | 0.694 | 0.888 | 1.278 | 0.737
  563 | Air Force            |   1 | 0.693 | 0.830 | 1.196 | 0.973
  564 | Ithaca               |   3 | 0.693 | 0.833 | 1.202 | 0.764
  565 | Virginia Union       |   2 | 0.692 | 0.799 | 1.154 | 0.881
  566 | Lincoln Memorial     |   2 | 0.692 | 0.760 | 1.098 | 0.870
  567 | Belmont Abbey        |   2 | 0.691 | 0.754 | 1.091 | 0.868
  568 | Whitworth            |   3 | 0.691 | 0.884 | 1.278 | 0.706
  569 | Kent St.             |   1 | 0.690 | 0.807 | 1.170 | 0.970
  570 | Richard Stockton     |   3 | 0.689 | 0.835 | 1.213 | 0.796
  571 | West Va. Wesleyan    |   2 | 0.689 | 0.905 | 1.315 | 0.877
  572 | Western New Eng.     |   3 | 0.689 | 0.739 | 1.073 | 0.746
  573 | Sonoma St.           |   2 | 0.688 | 0.907 | 1.319 | 0.877
  574 | Tex. A&M-Commerce    |   2 | 0.687 | 0.843 | 1.227 | 0.848
  575 | Newman               |   2 | 0.687 | 0.833 | 1.212 | 0.879
  576 | Endicott             |   3 | 0.686 | 0.760 | 1.108 | 0.808
  577 | Mo.-St. Louis        |   2 | 0.686 | 0.843 | 1.228 | 0.825
  578 | Lock Haven           |   2 | 0.685 | 0.855 | 1.248 | 0.855
  579 | Carnegie Mellon      |   3 | 0.685 | 0.794 | 1.160 | 0.727
  580 | Barry                |   2 | 0.684 | 0.795 | 1.162 | 0.790
  581 | Seton Hill           |   2 | 0.684 | 0.873 | 1.276 | 0.885
  582 | Post                 |   2 | 0.683 | 0.829 | 1.213 | 0.829
  583 | Hartwick             |   3 | 0.682 | 0.734 | 1.076 | 0.741
  584 | New Paltz St.        |   3 | 0.681 | 0.848 | 1.247 | 0.798
  585 | Carthage             |   3 | 0.680 | 0.789 | 1.160 | 0.774
  586 | Missouri S&T         |   2 | 0.679 | 0.726 | 1.069 | 0.856
  587 | Wis.-River Falls     |   3 | 0.678 | 0.796 | 1.175 | 0.759
  588 | Western Ore.         |   2 | 0.678 | 0.885 | 1.305 | 0.832
  589 | Tiffin               |   2 | 0.676 | 0.852 | 1.261 | 0.871
  590 | Southeastern Okla.   |   2 | 0.676 | 0.932 | 1.379 | 0.883
  591 | Chris. Newport       |   3 | 0.676 | 0.796 | 1.178 | 0.778
  592 | San Fran. St.        |   2 | 0.675 | 0.748 | 1.108 | 0.877
  593 | Wm. Paterson         |   3 | 0.673 | 0.851 | 1.264 | 0.843
  594 | Salve Regina         |   3 | 0.673 | 0.839 | 1.247 | 0.864
  595 | Gwynedd-Mercy        |   3 | 0.672 | 0.891 | 1.325 | 0.767
  596 | Georgian Court       |   2 | 0.672 | 0.912 | 1.358 | 0.894
  597 | Rhodes               |   3 | 0.671 | 0.842 | 1.254 | 0.759
  598 | Central St. (OH)     |   2 | 0.669 | 0.909 | 1.359 | 0.763
  599 | Rensselaer           |   3 | 0.669 | 0.854 | 1.275 | 0.794
  600 | Kenyon               |   3 | 0.669 | 0.813 | 1.215 | 0.795
  601 | Lake Erie            |   2 | 0.668 | 0.773 | 1.157 | 0.894
  602 | Concord              |   2 | 0.667 | 0.851 | 1.277 | 0.882
  603 | Guilford             |   3 | 0.665 | 0.801 | 1.205 | 0.773
  604 | Lake Superior St.    |   2 | 0.665 | 0.836 | 1.257 | 0.907
  605 | St. Peters           |   1 | 0.664 | 0.831 | 1.253 | 0.991
  606 | Maryville (TN)       |   3 | 0.664 | 0.872 | 1.313 | 0.762
  607 | Scranton             |   3 | 0.664 | 0.797 | 1.200 | 0.781
  608 | Bowie St.            |   2 | 0.664 | 0.758 | 1.141 | 0.890
  609 | John Carroll         |   3 | 0.663 | 0.861 | 1.298 | 0.788
  610 | Castleton            |   3 | 0.663 | 0.776 | 1.170 | 0.740
  611 | Wis.-La Crosse       |   3 | 0.663 | 0.801 | 1.208 | 0.790
  612 | Clarion              |   2 | 0.661 | 0.897 | 1.358 | 0.898
  613 | West Fla.            |   2 | 0.660 | 0.809 | 1.227 | 0.860
  614 | Thomas More          |   3 | 0.660 | 0.804 | 1.218 | 0.796
  615 | Molloy               |   2 | 0.660 | 0.979 | 1.484 | 0.868
  616 | Livingstone          |   2 | 0.660 | 0.901 | 1.365 | 0.847
  617 | Charleston (WV)      |   2 | 0.659 | 0.992 | 1.506 | 0.861
  618 | Trinity (CT)         |   3 | 0.658 | 0.757 | 1.152 | 0.750
  619 | Haverford            |   3 | 0.657 | 0.748 | 1.138 | 0.755
  620 | Muhlenberg           |   3 | 0.655 | 0.782 | 1.195 | 0.776
  621 | Hamilton             |   3 | 0.653 | 0.713 | 1.092 | 0.795
  622 | Pacific (OR)         |   3 | 0.653 | 0.783 | 1.199 | 0.698
  623 | Texas Womans         |   2 | 0.653 | 0.756 | 1.158 | 0.891
  624 | Whitman              |   3 | 0.652 | 0.840 | 1.287 | 0.713
  625 | Kentucky St.         |   2 | 0.651 | 0.804 | 1.236 | 0.897
  626 | Tex. A&M Intl        |   2 | 0.651 | 0.816 | 1.254 | 0.856
  627 | Bridgewater St.      |   3 | 0.649 | 0.845 | 1.303 | 0.783
  628 | Le Moyne             |   2 | 0.649 | 0.786 | 1.211 | 0.887
  629 | Lander               |   2 | 0.649 | 0.794 | 1.223 | 0.912
  630 | Flagler              |   2 | 0.649 | 0.820 | 1.264 | 0.859
  631 | Wesleyan (CT)        |   3 | 0.649 | 0.737 | 1.136 | 0.742
  632 | Chicago St.          |   1 | 0.649 | 0.782 | 1.204 | 1.026
  633 | St. Rose             |   2 | 0.649 | 0.803 | 1.238 | 0.854
  634 | Mars Hill            |   2 | 0.649 | 0.837 | 1.290 | 0.904
  635 | WPI                  |   3 | 0.647 | 0.762 | 1.177 | 0.762
  636 | Lees-McRae           |   2 | 0.647 | 0.805 | 1.244 | 0.907
  637 | Ill.-Springfield     |   2 | 0.647 | 0.717 | 1.108 | 0.903
  638 | N.M. Highlands       |   2 | 0.646 | 0.868 | 1.342 | 0.858
  639 | UNC Asheville        |   1 | 0.645 | 0.759 | 1.176 | 0.977
  640 | Loras                |   3 | 0.645 | 0.783 | 1.215 | 0.756
  641 | Case                 |   3 | 0.644 | 0.778 | 1.209 | 0.799
  642 | Alderson-Broaddus    |   2 | 0.644 | 0.748 | 1.161 | 0.843
  643 | Upper Iowa           |   2 | 0.644 | 0.822 | 1.275 | 0.890
  644 | Cabrini              |   3 | 0.644 | 0.736 | 1.144 | 0.793
  645 | Cal St. San Bdino    |   2 | 0.643 | 0.780 | 1.212 | 0.866
  646 | Baldwin-Wallace      |   3 | 0.643 | 0.891 | 1.384 | 0.777
  647 | Christian Bros.      |   2 | 0.642 | 0.714 | 1.112 | 0.883
  648 | TCNJ                 |   3 | 0.641 | 0.751 | 1.172 | 0.807
  649 | Gust. Adolphus       |   3 | 0.640 | 0.751 | 1.173 | 0.841
  650 | St. Thomas Aquinas   |   2 | 0.640 | 0.731 | 1.143 | 0.870
  651 | Cal St. Dom. Hills   |   2 | 0.640 | 0.740 | 1.157 | 0.918
  652 | Marymount (VA)       |   3 | 0.639 | 0.782 | 1.222 | 0.754
  653 | Miles                |   2 | 0.639 | 0.731 | 1.143 | 0.869
  654 | Mount Union          |   3 | 0.639 | 0.805 | 1.259 | 0.761
  655 | Widener              |   3 | 0.638 | 0.853 | 1.337 | 0.775
  656 | Otterbein            |   3 | 0.637 | 0.811 | 1.273 | 0.775
  657 | North Ga.            |   2 | 0.637 | 0.844 | 1.324 | 0.861
  658 | UC Santa Cruz        |   3 | 0.637 | 0.724 | 1.138 | 0.771
  659 | Puget Sound          |   3 | 0.636 | 0.816 | 1.285 | 0.796
  660 | Middlebury           |   3 | 0.635 | 0.802 | 1.265 | 0.843
  661 | La Roche             |   3 | 0.633 | 0.838 | 1.323 | 0.736
  662 | Suffolk              |   3 | 0.632 | 0.767 | 1.215 | 0.761
  663 | Wheeling Jesuit      |   2 | 0.632 | 0.779 | 1.232 | 0.845
  664 | MIT                  |   3 | 0.630 | 0.743 | 1.179 | 0.798
  665 | Methodist            |   3 | 0.630 | 0.821 | 1.303 | 0.733
  666 | Olivet               |   3 | 0.628 | 0.814 | 1.296 | 0.787
  667 | Chestnut Hill        |   2 | 0.628 | 0.731 | 1.164 | 0.878
  668 | Ohio Valley          |   2 | 0.627 | 0.748 | 1.192 | 0.858
  669 | Roger Williams       |   3 | 0.626 | 0.830 | 1.325 | 0.817
  670 | Ga. Southwestern     |   2 | 0.626 | 0.760 | 1.215 | 0.883
  671 | Concordia-Mhead      |   3 | 0.626 | 0.766 | 1.223 | 0.786
  672 | Moravian             |   3 | 0.625 | 0.889 | 1.424 | 0.770
  673 | Howard Payne         |   3 | 0.623 | 0.821 | 1.318 | 0.791
  674 | Plattsburgh St.      |   3 | 0.623 | 0.786 | 1.261 | 0.777
  675 | St. Vincent          |   3 | 0.622 | 0.796 | 1.281 | 0.744
  676 | N.C. Central         |   1 | 0.621 | 0.679 | 1.094 | 0.963
  677 | North Greenville     |   2 | 0.619 | 0.892 | 1.440 | 0.896
  678 | P.R.-Bayamon         |   2 | 0.618 | 0.704 | 1.139 | 0.909
  679 | Salem Intl           |   2 | 0.618 | 0.788 | 1.274 | 0.834
  680 | Oneonta St.          |   3 | 0.615 | 0.667 | 1.084 | 0.790
  681 | Wis. Lutheran        |   3 | 0.614 | 0.696 | 1.134 | 0.735
  682 | Ill. Wesleyan        |   3 | 0.613 | 0.881 | 1.437 | 0.817
  683 | Luther               |   3 | 0.612 | 0.832 | 1.358 | 0.766
  684 | Augsburg             |   3 | 0.611 | 0.782 | 1.279 | 0.766
  685 | Lynchburg            |   3 | 0.610 | 0.741 | 1.214 | 0.755
  686 | St. Norbert          |   3 | 0.609 | 0.687 | 1.127 | 0.783
  687 | Adams St.            |   2 | 0.609 | 0.761 | 1.248 | 0.841
  688 | BYU-Hawaii           |   2 | 0.609 | 0.851 | 1.398 | 0.870
  689 | Ark.-Fort Smith      |   2 | 0.608 | 0.869 | 1.429 | 0.840
  690 | Concordia (NY)       |   2 | 0.607 | 0.776 | 1.278 | 0.858
  691 | Colby-Sawyer         |   3 | 0.607 | 0.803 | 1.324 | 0.752
  692 | Tex. A&M-Kingsville  |   2 | 0.607 | 0.822 | 1.355 | 0.851
  693 | Vassar               |   3 | 0.607 | 0.841 | 1.386 | 0.728
  694 | St. Marys (MD)       |   3 | 0.606 | 0.791 | 1.305 | 0.733
  695 | New York U.          |   3 | 0.606 | 0.807 | 1.331 | 0.715
  696 | Regis (MA)           |   3 | 0.606 | 0.765 | 1.262 | 0.821
  697 | Minn.-Morris         |   3 | 0.605 | 0.836 | 1.382 | 0.802
  698 | Dubuque              |   3 | 0.605 | 0.764 | 1.263 | 0.729
  699 | Rhode Island Col.    |   3 | 0.604 | 0.716 | 1.185 | 0.797
  700 | Wellesley            |   3 | 0.603 | 0.638 | 1.058 | 0.788
  701 | Capital              |   3 | 0.603 | 0.820 | 1.360 | 0.771
  702 | Wis.-Eau Claire      |   3 | 0.602 | 0.783 | 1.300 | 0.803
  703 | Cameron              |   2 | 0.601 | 0.730 | 1.214 | 0.873
  704 | Mississippi Col.     |   3 | 0.601 | 0.791 | 1.317 | 0.750
  705 | Franklin             |   3 | 0.600 | 0.760 | 1.266 | 0.764
  706 | Mary Washington      |   3 | 0.600 | 0.725 | 1.208 | 0.755
  707 | Curry                |   3 | 0.598 | 0.732 | 1.224 | 0.729
  708 | Juniata              |   3 | 0.597 | 0.820 | 1.375 | 0.780
  709 | Carroll (WI)         |   3 | 0.596 | 0.724 | 1.214 | 0.798
  710 | Alabama St.          |   1 | 0.596 | 0.650 | 1.092 | 1.043
  711 | Denison              |   3 | 0.596 | 0.778 | 1.305 | 0.821
  712 | Albertus Magnus      |   3 | 0.596 | 0.873 | 1.465 | 0.589
  713 | Monmouth (IL)        |   3 | 0.596 | 0.883 | 1.481 | 0.764
  714 | Va. Wesleyan         |   3 | 0.596 | 0.849 | 1.423 | 0.793
  715 | Mass.-Boston         |   3 | 0.594 | 0.730 | 1.230 | 0.722
  716 | Wilmington (DE)      |   2 | 0.593 | 0.892 | 1.503 | 0.904
  717 | Salem St.            |   3 | 0.590 | 0.792 | 1.342 | 0.806
  718 | Wheaton (MA)         |   3 | 0.589 | 0.691 | 1.173 | 0.753
  719 | St. Olaf             |   3 | 0.588 | 0.793 | 1.350 | 0.776
  720 | Dickinson            |   3 | 0.588 | 0.838 | 1.425 | 0.758
  721 | Felician             |   2 | 0.587 | 0.752 | 1.280 | 0.879
  722 | Johnson C. Smith     |   2 | 0.587 | 0.703 | 1.197 | 0.842
  723 | Nichols              |   3 | 0.584 | 0.751 | 1.286 | 0.765
  724 | Chapman              |   3 | 0.584 | 0.788 | 1.350 | 0.753
  725 | Kings (PA)           |   3 | 0.584 | 0.853 | 1.459 | 0.802
  726 | Allegheny            |   3 | 0.583 | 0.723 | 1.240 | 0.723
  727 | DeSales              |   3 | 0.583 | 0.759 | 1.302 | 0.819
  728 | Fredonia St.         |   3 | 0.583 | 0.790 | 1.356 | 0.735
  729 | Ursinus              |   3 | 0.583 | 0.728 | 1.249 | 0.724
  730 | St. Joseph (CT)      |   3 | 0.582 | 0.785 | 1.349 | 0.731
  731 | Baruch               |   3 | 0.582 | 0.753 | 1.293 | 0.704
  732 | Stevens Institute    |   3 | 0.582 | 0.712 | 1.222 | 0.740
  733 | Manhattanville       |   3 | 0.582 | 0.772 | 1.325 | 0.758
  734 | Texas-Dallas         |   3 | 0.581 | 0.746 | 1.283 | 0.737
  735 | St. Benedict         |   3 | 0.581 | 0.830 | 1.429 | 0.764
  736 | Claflin              |   2 | 0.580 | 0.766 | 1.320 | 0.905
  737 | Wis.-Platteville     |   3 | 0.579 | 0.761 | 1.313 | 0.814
  738 | Gettysburg           |   3 | 0.579 | 0.721 | 1.246 | 0.772
  739 | Neumann              |   3 | 0.578 | 0.834 | 1.441 | 0.721
  740 | Oakland City         |   2 | 0.578 | 0.816 | 1.412 | 0.822
  741 | Spalding             |   3 | 0.578 | 0.746 | 1.291 | 0.768
  742 | Brooklyn             |   3 | 0.577 | 0.737 | 1.279 | 0.761
  743 | Misericordia         |   3 | 0.576 | 0.776 | 1.348 | 0.732
  744 | Heidelberg           |   3 | 0.575 | 0.773 | 1.344 | 0.743
  745 | Keene St.            |   3 | 0.575 | 0.734 | 1.276 | 0.760
  746 | Wartburg             |   3 | 0.575 | 0.677 | 1.179 | 0.794
  747 | Bluffton             |   3 | 0.575 | 0.734 | 1.276 | 0.728
  748 | St. Josephs (ME)     |   3 | 0.574 | 0.729 | 1.270 | 0.717
  749 | Rochester Inst.      |   3 | 0.573 | 0.777 | 1.356 | 0.785
  750 | Bates                |   3 | 0.573 | 0.758 | 1.322 | 0.784
  751 | Eastern Conn. St.    |   3 | 0.572 | 0.715 | 1.250 | 0.807
  752 | Okla. Panhandle      |   2 | 0.572 | 0.799 | 1.396 | 0.853
  753 | Piedmont             |   3 | 0.571 | 0.785 | 1.375 | 0.777
  754 | Clark (MA)           |   3 | 0.570 | 0.792 | 1.390 | 0.746
  755 | Eastern Nazarene     |   3 | 0.570 | 0.730 | 1.281 | 0.695
  756 | Eastern N.M.         |   2 | 0.570 | 0.694 | 1.218 | 0.877
  757 | Elmhurst             |   3 | 0.569 | 0.729 | 1.281 | 0.706
  758 | Alas. Fairbanks      |   2 | 0.568 | 0.857 | 1.509 | 0.895
  759 | St. Josephs (IN)     |   2 | 0.567 | 0.783 | 1.381 | 0.894
  760 | McMurry              |   2 | 0.567 | 0.718 | 1.267 | 0.871
  761 | Southwest Minn. St.  |   2 | 0.565 | 0.765 | 1.353 | 0.941
  762 | Wis.-Oshkosh         |   3 | 0.565 | 0.694 | 1.229 | 0.753
  763 | Slippery Rock        |   2 | 0.565 | 0.782 | 1.385 | 0.841
  764 | Washington Col.      |   3 | 0.565 | 0.723 | 1.280 | 0.765
  765 | Wash. & Jeff.        |   3 | 0.565 | 0.723 | 1.280 | 0.760
  766 | East Tex. Baptist    |   3 | 0.564 | 0.737 | 1.306 | 0.736
  767 | Wilmington (OH)      |   3 | 0.564 | 0.720 | 1.275 | 0.797
  768 | Connecticut Col.     |   3 | 0.564 | 0.683 | 1.211 | 0.756
  769 | Mass.-Dartmouth      |   3 | 0.563 | 0.731 | 1.296 | 0.772
  770 | Frank. & Marsh.      |   3 | 0.563 | 0.707 | 1.256 | 0.739
  771 | Union (NY)           |   3 | 0.563 | 0.740 | 1.314 | 0.767
  772 | Brandeis             |   3 | 0.563 | 0.696 | 1.237 | 0.778
  773 | Transylvania         |   3 | 0.562 | 0.804 | 1.430 | 0.750
  774 | Buena Vista          |   3 | 0.560 | 0.808 | 1.441 | 0.735
  775 | Centre               |   3 | 0.560 | 0.711 | 1.270 | 0.805
  776 | Coast Guard          |   3 | 0.560 | 0.700 | 1.250 | 0.757
  777 | Greensboro           |   3 | 0.559 | 0.548 | 0.980 | 0.713
  778 | Concordia (TX)       |   3 | 0.559 | 0.787 | 1.407 | 0.771
  779 | Eureka               |   3 | 0.558 | 0.879 | 1.574 | 0.737
  780 | North Central (IL)   |   3 | 0.557 | 0.971 | 1.745 | 0.768
  781 | Chadron St.          |   2 | 0.556 | 0.845 | 1.520 | 0.888
  782 | LaGrange             |   3 | 0.556 | 0.904 | 1.624 | 0.774
  783 | Bowdoin              |   3 | 0.555 | 0.661 | 1.190 | 0.818
  784 | Greenville           |   3 | 0.554 | 0.743 | 1.339 | 0.713
  785 | Westminster (MO)     |   3 | 0.554 | 0.790 | 1.425 | 0.774
  786 | Hood                 |   3 | 0.553 | 0.714 | 1.291 | 0.749
  787 | Westfield St.        |   3 | 0.553 | 0.638 | 1.155 | 0.748
  788 | Lake Forest          |   3 | 0.553 | 0.720 | 1.303 | 0.777
  789 | Hanover              |   3 | 0.552 | 0.901 | 1.631 | 0.754
  790 | Alvernia             |   3 | 0.552 | 0.752 | 1.361 | 0.740
  791 | Berry                |   3 | 0.552 | 0.845 | 1.532 | 0.753
  792 | Stephens             |   3 | 0.552 | 0.664 | 1.202 | 0.743
  793 | Wis.-Stout           |   3 | 0.550 | 0.814 | 1.481 | 0.792
  794 | Wilkes               |   3 | 0.550 | 0.657 | 1.194 | 0.764
  795 | Wittenberg           |   3 | 0.547 | 0.663 | 1.212 | 0.768
  796 | Washington Adventist |   2 | 0.547 | 0.720 | 1.317 | 0.891
  797 | North Park           |   3 | 0.546 | 0.740 | 1.355 | 0.644
  798 | Western N.M.         |   2 | 0.546 | 0.721 | 1.320 | 0.891
  799 | Chicago              |   3 | 0.546 | 0.699 | 1.281 | 0.820
  800 | Southwestern (TX)    |   3 | 0.546 | 0.824 | 1.509 | 0.736
  801 | Defiance             |   3 | 0.545 | 0.729 | 1.338 | 0.808
  802 | Marywood             |   3 | 0.544 | 0.709 | 1.305 | 0.794
  803 | Cal Lutheran         |   3 | 0.544 | 0.747 | 1.374 | 0.742
  804 | Erskine              |   2 | 0.544 | 0.767 | 1.411 | 0.885
  805 | Trinity (TX)         |   3 | 0.544 | 0.823 | 1.512 | 0.739
  806 | Norwich              |   3 | 0.543 | 0.724 | 1.334 | 0.727
  807 | Albright             |   3 | 0.543 | 0.742 | 1.366 | 0.727
  808 | Buffalo St.          |   3 | 0.542 | 0.716 | 1.321 | 0.764
  809 | Muskingum            |   3 | 0.541 | 0.803 | 1.485 | 0.767
  810 | Rose-Hulman          |   3 | 0.540 | 0.666 | 1.235 | 0.724
  811 | Hamline              |   3 | 0.540 | 0.731 | 1.353 | 0.821
  812 | Pacific Lutheran     |   3 | 0.539 | 0.722 | 1.340 | 0.842
  813 | Johnson & Wales (RI) |   3 | 0.539 | 0.696 | 1.291 | 0.748
  814 | St. Lawrence         |   3 | 0.538 | 0.794 | 1.474 | 0.804
  815 | Cal St. Stanislaus   |   2 | 0.538 | 0.830 | 1.544 | 0.863
  816 | Marietta             |   3 | 0.538 | 0.733 | 1.363 | 0.755
  817 | Redlands             |   3 | 0.537 | 0.741 | 1.381 | 0.700
  818 | Dominican (CA)       |   2 | 0.537 | 0.766 | 1.427 | 0.838
  819 | Neb. Wesleyan        |   3 | 0.537 | 0.713 | 1.329 | 0.787
  820 | Texas-Tyler          |   3 | 0.536 | 0.732 | 1.365 | 0.785
  821 | Bridgewater (VA)     |   3 | 0.536 | 0.722 | 1.348 | 0.776
  822 | Huntingdon           |   3 | 0.535 | 0.807 | 1.509 | 0.808
  823 | Ramapo               |   3 | 0.535 | 0.645 | 1.206 | 0.648
  824 | Lancaster Bible      |   3 | 0.534 | 0.741 | 1.388 | 0.715
  825 | Framingham St.       |   3 | 0.534 | 0.764 | 1.431 | 0.785
  826 | New England Col.     |   3 | 0.531 | 0.775 | 1.460 | 0.646
  827 | Nyack                |   2 | 0.531 | 0.728 | 1.372 | 0.890
  828 | Southern Ark.        |   2 | 0.530 | 0.772 | 1.456 | 0.841
  829 | Illinois Col.        |   3 | 0.530 | 0.740 | 1.396 | 0.723
  830 | Western St.          |   2 | 0.529 | 0.662 | 1.252 | 0.854
  831 | Millikin             |   3 | 0.529 | 0.675 | 1.275 | 0.819
  832 | Occidental           |   3 | 0.528 | 0.689 | 1.304 | 0.742
  833 | Johns Hopkins        |   3 | 0.528 | 0.699 | 1.325 | 0.750
  834 | Trine                |   3 | 0.527 | 0.706 | 1.338 | 0.796
  835 | Maranatha Baptist    |   3 | 0.527 | 0.718 | 1.361 | 0.695
  836 | Mt. St. Vincent      |   3 | 0.527 | 0.651 | 1.234 | 0.644
  837 | Waynesburg           |   3 | 0.526 | 0.781 | 1.485 | 0.744
  838 | Mansfield            |   2 | 0.526 | 0.751 | 1.428 | 0.841
  839 | Worcester St.        |   3 | 0.526 | 0.701 | 1.332 | 0.743
  840 | Springfield          |   3 | 0.525 | 0.638 | 1.214 | 0.815
  841 | Stevenson            |   3 | 0.525 | 0.659 | 1.255 | 0.728
  842 | Chaminade            |   2 | 0.524 | 0.749 | 1.428 | 0.875
  843 | Hardin-Simmons       |   3 | 0.522 | 0.736 | 1.409 | 0.767
  844 | Augustana (IL)       |   3 | 0.520 | 0.741 | 1.425 | 0.748
  845 | Mt. St. Mary (NY)    |   3 | 0.520 | 0.677 | 1.300 | 0.749
  846 | Coe                  |   3 | 0.519 | 0.675 | 1.300 | 0.800
  847 | Salem                |   3 | 0.518 | 0.733 | 1.415 | 0.735
  848 | Utica                |   3 | 0.518 | 0.695 | 1.342 | 0.750
  849 | Elmira               |   3 | 0.518 | 0.730 | 1.408 | 0.717
  850 | St. Marys (IN)       |   3 | 0.516 | 0.760 | 1.472 | 0.798
  851 | N.C. Wesleyan        |   3 | 0.516 | 0.771 | 1.493 | 0.782
  852 | SUNY Cortland        |   3 | 0.516 | 0.668 | 1.295 | 0.777
  853 | Bethany Lutheran     |   3 | 0.515 | 0.762 | 1.479 | 0.824
  854 | Colby                |   3 | 0.515 | 0.653 | 1.267 | 0.760
  855 | Elizabethtown        |   3 | 0.515 | 0.739 | 1.435 | 0.813
  856 | McDaniel             |   3 | 0.515 | 0.784 | 1.524 | 0.782
  857 | Rust                 |   3 | 0.514 | 0.656 | 1.275 | 0.733
  858 | Rivier               |   3 | 0.513 | 0.802 | 1.561 | 0.758
  859 | Schreiner            |   3 | 0.513 | 0.675 | 1.317 | 0.780
  860 | La Verne             |   3 | 0.512 | 0.642 | 1.253 | 0.776
  861 | Grove City           |   3 | 0.512 | 0.667 | 1.304 | 0.750
  862 | Austin               |   3 | 0.511 | 0.681 | 1.333 | 0.753
  863 | Mount Holyoke        |   3 | 0.511 | 0.648 | 1.268 | 0.824
  864 | Adrian               |   3 | 0.510 | 0.708 | 1.389 | 0.758
  865 | Wash. & Lee          |   3 | 0.510 | 0.571 | 1.118 | 0.766
  866 | Rosemont             |   3 | 0.510 | 0.809 | 1.585 | 0.714
  867 | Randolph-Macon       |   3 | 0.509 | 0.803 | 1.578 | 0.806
  868 | Notre Dame de Namur  |   2 | 0.508 | 0.673 | 1.325 | 0.905
  869 | Salisbury            |   3 | 0.507 | 0.737 | 1.453 | 0.787
  870 | St. John Fisher      |   3 | 0.505 | 0.779 | 1.542 | 0.753
  871 | William Smith        |   3 | 0.505 | 0.725 | 1.436 | 0.783
  872 | Wentworth Inst.      |   3 | 0.504 | 0.618 | 1.225 | 0.737
  873 | Rutgers-Camden       |   3 | 0.504 | 0.709 | 1.408 | 0.700
  874 | Eastern              |   3 | 0.504 | 0.711 | 1.412 | 0.792
  875 | Alverno              |   3 | 0.504 | 0.694 | 1.376 | 0.710
  876 | Mercy                |   2 | 0.503 | 0.765 | 1.519 | 0.911
  877 | Carleton             |   3 | 0.503 | 0.771 | 1.532 | 0.752
  878 | Bethel (MN)          |   3 | 0.502 | 0.617 | 1.229 | 0.816
  879 | Fitchburg St.        |   3 | 0.502 | 0.766 | 1.526 | 0.752
  880 | Alma                 |   3 | 0.501 | 0.694 | 1.386 | 0.770
  881 | Immaculata           |   3 | 0.501 | 0.644 | 1.286 | 0.650
  882 | Delaware Valley      |   3 | 0.501 | 0.742 | 1.481 | 0.764
  883 | Peace                |   3 | 0.499 | 0.667 | 1.336 | 0.781
  884 | Rutgers-Newark       |   3 | 0.498 | 0.654 | 1.314 | 0.710
  885 | Chowan               |   2 | 0.498 | 0.582 | 1.167 | 0.855
  886 | Emory & Henry        |   3 | 0.497 | 0.781 | 1.571 | 0.722
  887 | Sewanee              |   3 | 0.497 | 0.611 | 1.230 | 0.791
  888 | Northwestern (MN)    |   3 | 0.496 | 0.697 | 1.405 | 0.754
  889 | Brockport            |   3 | 0.496 | 0.658 | 1.326 | 0.724
  890 | Grinnell             |   3 | 0.494 | 0.672 | 1.361 | 0.730
  891 | Emerson              |   3 | 0.492 | 0.691 | 1.406 | 0.743
  892 | Me.-Farmington       |   3 | 0.492 | 0.660 | 1.342 | 0.777
  893 | Millsaps             |   3 | 0.491 | 0.714 | 1.455 | 0.798
  894 | Arcadia              |   3 | 0.490 | 0.774 | 1.579 | 0.686
  895 | LeTourneau           |   3 | 0.489 | 0.723 | 1.477 | 0.762
  896 | Farmingdale St.      |   3 | 0.488 | 0.616 | 1.262 | 0.757
  897 | Concordia (WI)       |   3 | 0.488 | 0.714 | 1.465 | 0.724
  898 | Albion               |   3 | 0.488 | 0.676 | 1.386 | 0.786
  899 | P.R.-Mayaguez        |   2 | 0.487 | 0.660 | 1.357 | 0.908
  900 | Keystone             |   3 | 0.487 | 0.696 | 1.431 | 0.675
  901 | MacMurray            |   3 | 0.486 | 0.669 | 1.377 | 0.752
  902 | Mary Hardin-Baylor   |   3 | 0.486 | 0.756 | 1.555 | 0.777
  903 | Rowan                |   3 | 0.485 | 0.690 | 1.424 | 0.768
  904 | Ripon                |   3 | 0.484 | 0.570 | 1.178 | 0.751
  905 | Macalester           |   3 | 0.483 | 0.635 | 1.316 | 0.746
  906 | Agnes Scott          |   3 | 0.483 | 0.611 | 1.265 | 0.767
  907 | Texas Lutheran       |   3 | 0.482 | 0.696 | 1.445 | 0.783
  908 | Kean                 |   3 | 0.481 | 0.725 | 1.508 | 0.821
  909 | Thiel                |   3 | 0.480 | 0.776 | 1.618 | 0.758
  910 | Oberlin              |   3 | 0.479 | 0.619 | 1.292 | 0.738
  911 | Central (IA)         |   3 | 0.479 | 0.716 | 1.494 | 0.680
  912 | New Jersey City      |   3 | 0.478 | 0.679 | 1.420 | 0.708
  913 | Lycoming             |   3 | 0.477 | 0.662 | 1.386 | 0.785
  914 | Roanoke              |   3 | 0.476 | 0.631 | 1.325 | 0.785
  915 | Ozarks (AR)          |   3 | 0.475 | 0.706 | 1.485 | 0.751
  916 | Stillman             |   2 | 0.475 | 0.641 | 1.350 | 0.887
  917 | Benedictine (IL)     |   3 | 0.474 | 0.689 | 1.454 | 0.739
  918 | Manchester           |   3 | 0.474 | 0.608 | 1.284 | 0.813
  919 | Dallas               |   3 | 0.473 | 0.738 | 1.559 | 0.700
  920 | Bethany (WV)         |   3 | 0.473 | 0.630 | 1.330 | 0.759
  921 | Meredith             |   3 | 0.472 | 0.716 | 1.516 | 0.792
  922 | Lane                 |   2 | 0.472 | 0.622 | 1.318 | 0.813
  923 | Medaille             |   3 | 0.472 | 0.745 | 1.578 | 0.661
  924 | Westminster (PA)     |   3 | 0.468 | 0.598 | 1.276 | 0.765
  925 | Penn St.-Behrend     |   3 | 0.468 | 0.710 | 1.517 | 0.713
  926 | St. Josephs (L.I.)   |   3 | 0.467 | 0.715 | 1.531 | 0.713
  927 | St. Scholastica      |   3 | 0.466 | 0.748 | 1.604 | 0.774
  928 | Ohio Wesleyan        |   3 | 0.466 | 0.641 | 1.375 | 0.774
  929 | Keuka                |   3 | 0.465 | 0.709 | 1.526 | 0.693
  930 | Whittier             |   3 | 0.465 | 0.675 | 1.451 | 0.722
  931 | Wooster              |   3 | 0.464 | 0.696 | 1.500 | 0.733
  932 | Oglethorpe           |   3 | 0.464 | 0.739 | 1.593 | 0.699
  933 | Webster              |   3 | 0.463 | 0.664 | 1.435 | 0.750
  934 | Skidmore             |   3 | 0.461 | 0.602 | 1.305 | 0.845
  935 | Frostburg St.        |   3 | 0.459 | 0.676 | 1.475 | 0.710
  936 | La Sierra            |   3 | 0.459 | 0.695 | 1.513 | 0.686
  937 | Alfred               |   3 | 0.459 | 0.689 | 1.501 | 0.681
  938 | Hiram                |   3 | 0.459 | 0.583 | 1.272 | 0.765
  939 | Shenandoah           |   3 | 0.458 | 0.676 | 1.477 | 0.761
  940 | Fontbonne            |   3 | 0.457 | 0.659 | 1.440 | 0.717
  941 | Drew                 |   3 | 0.456 | 0.628 | 1.378 | 0.761
  942 | Martin Luther        |   3 | 0.456 | 0.648 | 1.423 | 0.806
  943 | Pitt.-Bradford       |   3 | 0.455 | 0.581 | 1.278 | 0.665
  944 | Nazareth             |   3 | 0.455 | 0.634 | 1.394 | 0.789
  945 | Maine Maritime       |   3 | 0.455 | 0.640 | 1.409 | 0.807
  946 | Averett              |   3 | 0.452 | 0.679 | 1.502 | 0.792
  947 | Lakeland             |   3 | 0.452 | 0.626 | 1.386 | 0.740
  948 | Staten Island        |   3 | 0.451 | 0.678 | 1.502 | 0.689
  949 | Converse             |   2 | 0.451 | 0.592 | 1.311 | 0.935
  950 | Earlham              |   3 | 0.448 | 0.650 | 1.450 | 0.747
  951 | Clarkson             |   3 | 0.448 | 0.637 | 1.422 | 0.731
  952 | LeMoyne-Owen         |   2 | 0.447 | 0.623 | 1.393 | 0.808
  953 | Lasell               |   3 | 0.447 | 0.627 | 1.403 | 0.746
  954 | Old Westbury         |   3 | 0.447 | 0.679 | 1.518 | 0.743
  955 | Gallaudet            |   3 | 0.446 | 0.585 | 1.310 | 0.558
  956 | Bard                 |   3 | 0.446 | 0.623 | 1.398 | 0.616
  957 | Birmingham-So.       |   3 | 0.445 | 0.616 | 1.385 | 0.802
  958 | Randolph             |   3 | 0.443 | 0.629 | 1.421 | 0.737
  959 | Hollins              |   3 | 0.442 | 0.713 | 1.612 | 0.687
  960 | Mt. St. Joseph       |   3 | 0.442 | 0.612 | 1.387 | 0.766
  961 | Cincinnati-Clermont  |   3 | 0.441 | 0.690 | 1.563 | 0.780
  962 | DYouville            |   3 | 0.441 | 0.682 | 1.545 | 0.751
  963 | Anderson (IN)        |   3 | 0.439 | 0.655 | 1.492 | 0.760
  964 | Mass. Liberal Arts   |   3 | 0.438 | 0.714 | 1.631 | 0.705
  965 | Willamette           |   3 | 0.437 | 0.604 | 1.382 | 0.833
  966 | Susquehanna          |   3 | 0.437 | 0.670 | 1.532 | 0.732
  967 | Goucher              |   3 | 0.436 | 0.585 | 1.342 | 0.757
  968 | St. Josephs (Brkln)  |   3 | 0.435 | 0.673 | 1.547 | 0.693
  969 | Cheyney              |   2 | 0.433 | 0.611 | 1.410 | 0.953
  970 | Mt. Aloysius         |   3 | 0.432 | 0.677 | 1.566 | 0.732
  971 | Sage Colleges        |   3 | 0.430 | 0.644 | 1.496 | 0.750
  972 | Merchant Marine      |   3 | 0.429 | 0.650 | 1.516 | 0.693
  973 | Lincoln Christian    |   3 | 0.428 | 0.615 | 1.437 | 0.774
  974 | SUNYIT               |   3 | 0.428 | 0.690 | 1.612 | 0.763
  975 | Hendrix              |   3 | 0.427 | 0.669 | 1.565 | 0.778
  976 | Aurora               |   3 | 0.426 | 0.671 | 1.576 | 0.745
  977 | Edgewood             |   3 | 0.425 | 0.693 | 1.630 | 0.761
  978 | Gordon               |   3 | 0.423 | 0.526 | 1.243 | 0.769
  979 | Centenary (LA)       |   3 | 0.423 | 0.644 | 1.520 | 0.892
  980 | Presentation         |   3 | 0.422 | 0.655 | 1.551 | 0.804
  981 | Beloit               |   3 | 0.422 | 0.724 | 1.718 | 0.763
  982 | P.R.-Rio Piedras     |   2 | 0.421 | 0.578 | 1.372 | 0.908
  983 | Concordia Chicago    |   3 | 0.421 | 0.585 | 1.389 | 0.791
  984 | SUNY Potsdam         |   3 | 0.421 | 0.630 | 1.497 | 0.734
  985 | Claremont-M-S        |   3 | 0.420 | 0.595 | 1.418 | 0.763
  986 | Plymouth St.         |   3 | 0.418 | 0.684 | 1.635 | 0.770
  987 | Wesley               |   3 | 0.417 | 0.605 | 1.449 | 0.698
  988 | Pitt.-Greensburg     |   3 | 0.416 | 0.713 | 1.713 | 0.697
  989 | John Jay             |   3 | 0.413 | 0.613 | 1.484 | 0.687
  990 | Lyndon St.           |   3 | 0.412 | 0.593 | 1.440 | 0.714
  991 | Knox                 |   3 | 0.412 | 0.767 | 1.861 | 0.741
  992 | Polytechnic (NY)     |   3 | 0.406 | 0.617 | 1.520 | 0.749
  993 | St. Catherine        |   3 | 0.405 | 0.538 | 1.331 | 0.770
  994 | Pine Manor           |   3 | 0.405 | 0.711 | 1.757 | 0.680
  995 | Penn St.-Abington    |   3 | 0.403 | 0.624 | 1.548 | 0.725
  996 | Kalamazoo            |   3 | 0.402 | 0.610 | 1.518 | 0.797
  997 | Cobleskill St.       |   3 | 0.401 | 0.603 | 1.505 | 0.723
  998 | Linfield             |   3 | 0.400 | 0.557 | 1.392 | 0.773
  999 | Lawrence             |   3 | 0.399 | 0.652 | 1.635 | 0.704
 1000 | Bay Path             |   3 | 0.399 | 0.648 | 1.624 | 0.727
 1001 | Lehman               |   3 | 0.398 | 0.551 | 1.386 | 0.675
 1002 | Chatham              |   3 | 0.392 | 0.656 | 1.673 | 0.757
 1003 | Elms                 |   3 | 0.392 | 0.654 | 1.671 | 0.720
 1004 | Pomona-Pitzer        |   3 | 0.390 | 0.594 | 1.523 | 0.774
 1005 | Centenary (NJ)       |   3 | 0.388 | 0.573 | 1.477 | 0.782
 1006 | Penn St.-Harrisburg  |   3 | 0.385 | 0.626 | 1.625 | 0.675
 1007 | Daniel Webster       |   3 | 0.385 | 0.582 | 1.512 | 0.724
 1008 | Franciscan           |   3 | 0.385 | 0.551 | 1.431 | 0.694
 1009 | Hunter               |   3 | 0.385 | 0.587 | 1.524 | 0.726
 1010 | Wells                |   3 | 0.384 | 0.617 | 1.608 | 0.712
 1011 | Trinity (DC)         |   3 | 0.383 | 0.564 | 1.470 | 0.625
 1012 | Colorado Col.        |   3 | 0.381 | 0.614 | 1.612 | 0.797
 1013 | Mount Ida            |   3 | 0.380 | 0.623 | 1.641 | 0.657
 1014 | North Central (MN)   |   3 | 0.379 | 0.630 | 1.664 | 0.621
 1015 | Newbury              |   3 | 0.375 | 0.593 | 1.582 | 0.683
 1016 | Marian (WI)          |   3 | 0.372 | 0.539 | 1.448 | 0.728
 1017 | Rockford             |   3 | 0.371 | 0.589 | 1.587 | 0.700
 1018 | Geneva               |   3 | 0.364 | 0.567 | 1.559 | 0.700
 1019 | Purchase St.         |   3 | 0.362 | 0.555 | 1.535 | 0.740
 1020 | Sul Ross St.         |   3 | 0.360 | 0.618 | 1.718 | 0.856
 1021 | St. Elizabeth        |   3 | 0.360 | 0.566 | 1.573 | 0.740
 1022 | Anna Maria           |   3 | 0.359 | 0.583 | 1.623 | 0.685
 1023 | Wilson               |   3 | 0.358 | 0.581 | 1.621 | 0.580
 1024 | Spelman              |   3 | 0.357 | 0.557 | 1.560 | 0.788
 1025 | Thomas (ME)          |   3 | 0.356 | 0.576 | 1.621 | 0.736
 1026 | Principia            |   3 | 0.356 | 0.521 | 1.462 | 0.774
 1027 | Johnson St.          |   3 | 0.355 | 0.619 | 1.746 | 0.727
 1028 | Green Mountain       |   3 | 0.353 | 0.673 | 1.905 | 0.692
 1029 | Dominican (IL)       |   3 | 0.351 | 0.629 | 1.792 | 0.715
 1030 | Simmons              |   3 | 0.344 | 0.485 | 1.409 | 0.778
 1031 | Blackburn            |   3 | 0.342 | 0.537 | 1.570 | 0.771
 1032 | Morrisville St.      |   3 | 0.340 | 0.503 | 1.480 | 0.758
 1033 | Finlandia            |   3 | 0.334 | 0.567 | 1.698 | 0.766
 1034 | Hilbert              |   3 | 0.333 | 0.549 | 1.646 | 0.675
 1035 | Mitchell             |   3 | 0.333 | 0.582 | 1.749 | 0.775
 1036 | Northland            |   3 | 0.332 | 0.477 | 1.439 | 0.832
 1037 | Baptist Bible (PA)   |   3 | 0.329 | 0.519 | 1.578 | 0.674
 1038 | CCNY                 |   3 | 0.318 | 0.543 | 1.706 | 0.645
 1039 | Bryn Mawr            |   3 | 0.315 | 0.475 | 1.508 | 0.715
 1040 | Cazenovia            |   3 | 0.314 | 0.549 | 1.746 | 0.715
 1041 | Becker               |   3 | 0.309 | 0.517 | 1.674 | 0.741
 1042 | Crown (MN)           |   3 | 0.305 | 0.581 | 1.903 | 0.758
 1043 | New Rochelle         |   3 | 0.303 | 0.529 | 1.746 | 0.603
 1044 | Phila. Biblical      |   3 | 0.298 | 0.499 | 1.675 | 0.762
 1045 | Penn St.-Berks       |   3 | 0.297 | 0.510 | 1.715 | 0.754
 1046 | Husson               |   3 | 0.296 | 0.508 | 1.715 | 0.786
 1047 | Penn St.-Altoona     |   3 | 0.294 | 0.503 | 1.711 | 0.744
 1048 | Southern Vt.         |   3 | 0.291 | 0.467 | 1.604 | 0.729
 1049 | Milwaukee Engr.      |   3 | 0.287 | 0.488 | 1.698 | 0.766
 1050 | Yeshiva              |   3 | 0.286 | 0.576 | 2.014 | 0.589
 1051 | Lesley               |   3 | 0.276 | 0.450 | 1.633 | 0.730
 1052 | Caltech              |   3 | 0.262 | 0.457 | 1.744 | 0.776
 1053 | York (NY)            |   3 | 0.261 | 0.453 | 1.732 | 0.705
 1054 | Cedar Crest          |   3 | 0.259 | 0.492 | 1.903 | 0.663
 1055 | Wesleyan (GA)        |   3 | 0.258 | 0.429 | 1.664 | 0.716
 1056 | Notre Dame (MD)      |   3 | 0.215 | 0.452 | 2.100 | 0.641
 1057 | Mary Baldwin         |   3 | 0.188 | 0.266 | 1.414 | 0.754
 1058 | Wheelock             |   3 | 0.180 | 0.314 | 1.742 | 0.741
 1059 | Medgar Evers         |   3 | 0.095 | 0.178 | 1.876 | 0.669
(1059 rows)

COMMIT
