BEGIN
CREATE TABLE
INSERT 0 1051
  rk  |        school        | div |  str  |  ofs  |  dfs  |  sos  
------+----------------------+-----+-------+-------+-------+-------
    1 | Connecticut          |   1 | 2.167 | 1.537 | 0.709 | 1.034
    2 | Duke                 |   1 | 1.768 | 1.387 | 0.785 | 1.006
    3 | Baylor               |   1 | 1.748 | 1.378 | 0.789 | 1.067
    4 | Notre Dame           |   1 | 1.659 | 1.305 | 0.786 | 1.069
    5 | Stanford             |   1 | 1.612 | 1.281 | 0.794 | 1.037
    6 | Syracuse             |   1 | 1.573 | 1.321 | 0.840 | 1.008
    7 | Michigan St.         |   1 | 1.565 | 1.115 | 0.713 | 0.986
    8 | Oklahoma             |   1 | 1.550 | 1.307 | 0.843 | 1.022
    9 | Florida St.          |   1 | 1.528 | 1.368 | 0.896 | 1.032
   10 | California           |   1 | 1.517 | 1.319 | 0.869 | 1.017
   11 | Tennessee            |   1 | 1.509 | 1.374 | 0.911 | 1.044
   12 | Georgia              |   1 | 1.496 | 1.199 | 0.802 | 0.997
   13 | Maryland             |   1 | 1.483 | 1.325 | 0.893 | 1.001
   14 | Kentucky             |   1 | 1.483 | 1.256 | 0.846 | 0.987
   15 | Green Bay            |   1 | 1.458 | 1.168 | 0.801 | 1.056
   16 | Iowa St.             |   1 | 1.454 | 1.059 | 0.728 | 0.978
   17 | Ohio St.             |   1 | 1.450 | 1.148 | 0.792 | 1.040
   18 | UCLA                 |   1 | 1.448 | 1.304 | 0.900 | 1.162
   19 | Louisville           |   1 | 1.443 | 1.186 | 0.822 | 1.009
   20 | South Carolina       |   1 | 1.435 | 1.095 | 0.763 | 1.032
   21 | Oklahoma St.         |   1 | 1.422 | 1.253 | 0.881 | 0.963
   22 | Dayton               |   1 | 1.417 | 1.368 | 0.966 | 1.022
   23 | Texas                |   1 | 1.399 | 1.190 | 0.851 | 0.970
   24 | Virginia             |   1 | 1.364 | 1.242 | 0.911 | 1.067
   25 | Miami (FL)           |   1 | 1.363 | 1.155 | 0.847 | 1.044
   26 | Penn St.             |   1 | 1.348 | 1.293 | 0.959 | 1.045
   27 | North Carolina       |   1 | 1.336 | 1.224 | 0.916 | 1.022
   28 | Toledo               |   1 | 1.315 | 1.092 | 0.830 | 1.021
   29 | Villanova            |   1 | 1.309 | 1.096 | 0.837 | 0.986
   30 | Arkansas             |   1 | 1.306 | 1.243 | 0.952 | 1.015
   31 | Purdue               |   1 | 1.297 | 1.172 | 0.903 | 1.044
   32 | Texas A&M            |   1 | 1.296 | 1.103 | 0.851 | 1.106
   33 | Pacific              |   1 | 1.293 | 1.089 | 0.842 | 1.024
   34 | Vanderbilt           |   1 | 1.284 | 1.125 | 0.876 | 1.047
   35 | Texas Tech           |   1 | 1.282 | 1.106 | 0.863 | 0.973
   36 | Chattanooga          |   1 | 1.281 | 1.188 | 0.927 | 1.017
   37 | Old Dominion         |   1 | 1.278 | 1.091 | 0.854 | 0.944
   38 | Michigan             |   1 | 1.277 | 1.055 | 0.826 | 1.075
   39 | Northeastern         |   1 | 1.275 | 1.121 | 0.879 | 1.004
   40 | Hampton              |   1 | 1.273 | 1.030 | 0.809 | 1.028
   41 | Princeton            |   1 | 1.268 | 1.111 | 0.876 | 1.049
   42 | Boston U.            |   1 | 1.267 | 1.095 | 0.864 | 1.056
   43 | Middle Tenn.         |   1 | 1.264 | 1.174 | 0.929 | 1.012
   44 | North Carolina St.   |   1 | 1.260 | 1.214 | 0.963 | 1.032
   45 | Duquesne             |   1 | 1.254 | 1.046 | 0.834 | 1.008
   46 | South Fla.           |   1 | 1.252 | 1.124 | 0.898 | 0.944
   47 | UALR                 |   1 | 1.245 | 1.051 | 0.844 | 1.008
   48 | Charlotte            |   1 | 1.244 | 1.152 | 0.926 | 0.987
   49 | Utah                 |   1 | 1.241 | 1.133 | 0.913 | 0.979
   50 | Delaware             |   1 | 1.226 | 1.009 | 0.823 | 1.025
   51 | DePaul               |   1 | 1.223 | 1.203 | 0.984 | 1.070
   52 | Drexel               |   1 | 1.222 | 0.993 | 0.812 | 0.992
   53 | San Diego St.        |   1 | 1.221 | 1.052 | 0.861 | 1.000
   54 | St. Johns (NY)       |   1 | 1.220 | 1.093 | 0.896 | 1.041
   55 | Florida              |   1 | 1.220 | 1.232 | 1.009 | 1.049
   56 | Central Mich.        |   1 | 1.216 | 1.195 | 0.983 | 1.103
   57 | Gonzaga              |   1 | 1.216 | 1.042 | 0.856 | 1.030
   58 | Northwestern         |   1 | 1.213 | 1.170 | 0.965 | 1.022
   59 | Quinnipiac           |   1 | 1.207 | 1.196 | 0.991 | 0.991
   60 | Youngstown St.       |   1 | 1.205 | 1.122 | 0.931 | 0.970
   61 | Iowa                 |   1 | 1.197 | 1.125 | 0.940 | 1.054
   62 | Kansas St.           |   1 | 1.190 | 1.133 | 0.952 | 0.993
   63 | Detroit              |   1 | 1.185 | 1.165 | 0.983 | 1.038
   64 | UAB                  |   1 | 1.184 | 1.047 | 0.884 | 0.939
   65 | Minnesota            |   1 | 1.182 | 1.170 | 0.990 | 1.031
   66 | Fla. Gulf Coast      |   1 | 1.182 | 1.094 | 0.925 | 1.088
   67 | Georgia Tech         |   1 | 1.182 | 1.156 | 0.978 | 1.074
   68 | Akron                |   1 | 1.181 | 1.197 | 1.014 | 0.904
   69 | West Virginia        |   1 | 1.180 | 1.115 | 0.944 | 1.013
   70 | Hartford             |   1 | 1.175 | 1.056 | 0.898 | 1.015
   71 | Nebraska             |   1 | 1.172 | 1.130 | 0.964 | 1.014
   72 | St. Josephs          |   1 | 1.170 | 0.958 | 0.819 | 1.096
   73 | Georgetown           |   1 | 1.168 | 1.091 | 0.934 | 1.066
   74 | Montana St.          |   1 | 1.165 | 1.108 | 0.951 | 1.005
   75 | Rutgers              |   1 | 1.164 | 1.065 | 0.915 | 1.061
   76 | Kansas               |   1 | 1.162 | 1.061 | 0.913 | 0.955
   77 | Arizona St.          |   1 | 1.162 | 1.066 | 0.917 | 1.083
   78 | Colorado             |   1 | 1.160 | 1.094 | 0.943 | 0.980
   79 | LSU                  |   1 | 1.157 | 1.226 | 1.059 | 1.052
   80 | Appalachian St.      |   1 | 1.155 | 1.212 | 1.050 | 0.954
   81 | Fordham              |   1 | 1.154 | 0.941 | 0.816 | 0.991
   82 | Wyoming              |   1 | 1.152 | 1.078 | 0.936 | 0.971
   83 | Marquette            |   1 | 1.149 | 1.178 | 1.025 | 1.033
   84 | Alabama              |   1 | 1.148 | 1.210 | 1.054 | 0.947
   85 | Georgia St.          |   1 | 1.146 | 1.084 | 0.946 | 0.970
   86 | Fresno St.           |   1 | 1.145 | 1.112 | 0.972 | 1.043
   87 | Auburn               |   1 | 1.145 | 1.152 | 1.006 | 0.955
   88 | San Diego            |   1 | 1.139 | 1.082 | 0.950 | 0.971
   89 | UNI                  |   1 | 1.136 | 1.067 | 0.939 | 1.046
   90 | Boston College       |   1 | 1.134 | 1.005 | 0.887 | 1.018
   91 | Ashland              |   2 | 1.128 | 1.161 | 1.029 | 0.919
   92 | South Carolina St.   |   1 | 1.127 | 1.002 | 0.889 | 0.961
   93 | James Madison        |   1 | 1.127 | 1.137 | 1.009 | 1.076
   94 | Cal St. Northridge   |   1 | 1.116 | 1.004 | 0.899 | 1.014
   95 | UTEP                 |   1 | 1.115 | 1.064 | 0.954 | 0.985
   96 | South Ala.           |   1 | 1.114 | 0.969 | 0.870 | 0.987
   97 | UT Martin            |   1 | 1.113 | 1.215 | 1.092 | 1.082
   98 | Xavier               |   1 | 1.111 | 1.125 | 1.013 | 1.051
   99 | Washington           |   1 | 1.108 | 1.079 | 0.974 | 0.989
  100 | Marist               |   1 | 1.108 | 1.023 | 0.924 | 1.074
  101 | Missouri St.         |   1 | 1.107 | 1.267 | 1.145 | 1.041
  102 | Cal Poly             |   1 | 1.105 | 1.132 | 1.025 | 1.059
  103 | Harvard              |   1 | 1.105 | 1.128 | 1.020 | 0.993
  104 | Richmond             |   1 | 1.103 | 1.051 | 0.953 | 1.059
  105 | SMU                  |   1 | 1.101 | 1.030 | 0.936 | 0.999
  106 | McNeese St.          |   1 | 1.100 | 1.082 | 0.984 | 0.954
  107 | Idaho St.            |   1 | 1.096 | 0.960 | 0.875 | 0.983
  108 | Missouri             |   1 | 1.095 | 1.000 | 0.913 | 1.004
  109 | Nevada               |   1 | 1.094 | 1.207 | 1.103 | 1.027
  110 | Illinois St.         |   1 | 1.092 | 1.125 | 1.031 | 0.980
  111 | Tulane               |   1 | 1.090 | 1.030 | 0.945 | 0.972
  112 | Liberty              |   1 | 1.087 | 1.101 | 1.014 | 1.048
  113 | Portland St.         |   1 | 1.085 | 1.021 | 0.941 | 0.982
  114 | Nova Southeastern    |   2 | 1.085 | 1.078 | 0.993 | 0.888
  115 | Wichita St.          |   1 | 1.080 | 0.930 | 0.861 | 1.003
  116 | St. Marys (CA)       |   1 | 1.079 | 1.091 | 1.011 | 1.062
  117 | New Mexico           |   1 | 1.077 | 0.977 | 0.907 | 0.997
  118 | Lamar                |   1 | 1.077 | 1.002 | 0.930 | 0.906
  119 | Radford              |   1 | 1.077 | 1.134 | 1.053 | 0.994
  120 | Houston              |   1 | 1.075 | 1.117 | 1.039 | 0.994
  121 | Sacred Heart         |   1 | 1.075 | 1.034 | 0.962 | 0.990
  122 | Illinois             |   1 | 1.071 | 1.195 | 1.116 | 1.016
  123 | Limestone            |   2 | 1.059 | 1.082 | 1.022 | 0.885
  124 | Eastern Mich.        |   1 | 1.055 | 0.970 | 0.919 | 1.089
  125 | Temple               |   1 | 1.054 | 0.931 | 0.883 | 1.023
  126 | Indiana St.          |   1 | 1.054 | 0.915 | 0.868 | 0.973
  127 | Wisconsin            |   1 | 1.052 | 0.957 | 0.910 | 1.005
  128 | Virginia Tech        |   1 | 1.051 | 0.843 | 0.802 | 1.079
  129 | Bradley              |   1 | 1.046 | 1.092 | 1.044 | 1.020
  130 | UC Riverside         |   1 | 1.046 | 1.137 | 1.087 | 1.010
  131 | St. Francis (PA)     |   1 | 1.044 | 1.097 | 1.051 | 1.028
  132 | Fort Hays St.        |   2 | 1.043 | 0.967 | 0.927 | 0.887
  133 | BYU                  |   1 | 1.043 | 1.025 | 0.983 | 0.996
  134 | Stephen F. Austin    |   1 | 1.040 | 1.094 | 1.053 | 0.968
  135 | Cincinnati           |   1 | 1.039 | 0.939 | 0.905 | 0.973
  136 | Oral Roberts         |   1 | 1.038 | 0.986 | 0.950 | 1.023
  137 | UTSA                 |   1 | 1.037 | 0.855 | 0.824 | 0.915
  138 | Creighton            |   1 | 1.037 | 0.952 | 0.918 | 1.043
  139 | Oregon St.           |   1 | 1.035 | 0.977 | 0.944 | 1.014
  140 | California (PA)      |   2 | 1.035 | 0.998 | 0.964 | 0.885
  141 | S.C. Aiken           |   2 | 1.034 | 1.038 | 1.004 | 0.876
  142 | Arizona              |   1 | 1.033 | 1.000 | 0.968 | 0.998
  143 | Fla. Atlantic        |   1 | 1.033 | 1.157 | 1.120 | 0.983
  144 | St. Bonaventure      |   1 | 1.031 | 0.957 | 0.928 | 1.011
  145 | Fairfield            |   1 | 1.027 | 0.826 | 0.804 | 0.987
  146 | Tulsa                |   1 | 1.027 | 1.059 | 1.031 | 1.030
  147 | East Carolina        |   1 | 1.023 | 0.970 | 0.948 | 0.916
  148 | Bentley              |   2 | 1.022 | 0.969 | 0.948 | 0.938
  149 | Seattle              |   1 | 1.019 | 1.119 | 1.098 | 1.022
  150 | Southern Miss.       |   1 | 1.019 | 1.016 | 0.997 | 1.016
  151 | Bucknell             |   1 | 1.018 | 0.973 | 0.956 | 0.983
  152 | Howard               |   1 | 1.018 | 0.905 | 0.889 | 1.004
  153 | Mesa St.             |   2 | 1.017 | 0.967 | 0.950 | 0.917
  154 | Indiana              |   1 | 1.016 | 0.931 | 0.916 | 0.960
  155 | Bowling Green        |   1 | 1.012 | 0.960 | 0.949 | 1.041
  156 | Central Ark.         |   1 | 1.011 | 0.868 | 0.859 | 0.931
  157 | Memphis              |   1 | 1.008 | 1.139 | 1.130 | 0.961
  158 | TCU                  |   1 | 1.008 | 1.110 | 1.101 | 1.028
  159 | Colorado St.         |   1 | 1.006 | 0.933 | 0.927 | 1.029
  160 | South Dakota St.     |   1 | 1.005 | 1.012 | 1.007 | 1.050
  161 | Western Ky.          |   1 | 1.003 | 1.049 | 1.046 | 0.972
  162 | Loyola Marymount     |   1 | 1.002 | 1.086 | 1.084 | 1.017
  163 | Pittsburgh           |   1 | 1.002 | 0.991 | 0.989 | 0.948
  164 | Winthrop             |   1 | 1.001 | 1.096 | 1.095 | 1.033
  165 | San Francisco        |   1 | 1.001 | 0.979 | 0.978 | 0.996
  166 | Davidson             |   1 | 0.999 | 0.941 | 0.942 | 1.008
  167 | Nicholls St.         |   1 | 0.998 | 1.043 | 1.045 | 0.968
  168 | Washington St.       |   1 | 0.998 | 1.031 | 1.033 | 1.023
  169 | George Mason         |   1 | 0.996 | 0.950 | 0.954 | 0.943
  170 | Cal St. Fullerton    |   1 | 0.996 | 0.967 | 0.971 | 1.005
  171 | Augustana (SD)       |   2 | 0.996 | 1.046 | 1.051 | 0.908
  172 | Northern Ill.        |   1 | 0.994 | 0.975 | 0.981 | 0.994
  173 | New Hampshire        |   1 | 0.994 | 0.926 | 0.932 | 1.004
  174 | Southern Utah        |   1 | 0.993 | 1.016 | 1.023 | 1.013
  175 | Tennessee St.        |   1 | 0.993 | 0.967 | 0.973 | 1.018
  176 | Western Ill.         |   1 | 0.992 | 1.079 | 1.088 | 1.028
  177 | Louisiana Tech       |   1 | 0.991 | 1.080 | 1.089 | 1.045
  178 | Southern California  |   1 | 0.989 | 1.038 | 1.050 | 1.025
  179 | UCF                  |   1 | 0.988 | 0.999 | 1.011 | 1.036
  180 | George Washington    |   1 | 0.987 | 0.845 | 0.856 | 0.961
  181 | Boise St.            |   1 | 0.986 | 1.079 | 1.095 | 0.968
  182 | Navy                 |   1 | 0.986 | 0.935 | 0.948 | 0.934
  183 | Butler               |   1 | 0.984 | 1.055 | 1.073 | 1.006
  184 | Central Conn. St.    |   1 | 0.984 | 1.049 | 1.066 | 1.024
  185 | Neb.-Omaha           |   1 | 0.984 | 0.934 | 0.949 | 0.915
  186 | Albany (NY)          |   1 | 0.983 | 0.924 | 0.940 | 1.017
  187 | Maryville (MO)       |   2 | 0.983 | 0.978 | 0.995 | 0.775
  188 | Col. of Charleston   |   1 | 0.981 | 0.944 | 0.962 | 1.035
  189 | Santa Clara          |   1 | 0.979 | 1.093 | 1.117 | 1.045
  190 | North Texas          |   1 | 0.978 | 1.146 | 1.172 | 1.023
  191 | Montana              |   1 | 0.977 | 0.963 | 0.986 | 0.992
  192 | Sacramento St.       |   1 | 0.977 | 1.138 | 1.166 | 0.971
  193 | Oregon               |   1 | 0.976 | 1.184 | 1.212 | 1.076
  194 | Hawaii               |   1 | 0.976 | 0.972 | 0.995 | 1.120
  195 | Denver               |   1 | 0.974 | 1.021 | 1.048 | 1.020
  196 | Pittsburg St.        |   2 | 0.974 | 1.086 | 1.116 | 0.848
  197 | Mississippi          |   1 | 0.973 | 1.109 | 1.140 | 0.955
  198 | N.C. A&T             |   1 | 0.973 | 0.917 | 0.943 | 0.950
  199 | Miami (OH)           |   1 | 0.971 | 1.011 | 1.042 | 1.017
  200 | Clemson              |   1 | 0.971 | 0.917 | 0.945 | 1.045
  201 | Niagara              |   1 | 0.970 | 1.073 | 1.106 | 0.962
  202 | Eastern Wash.        |   1 | 0.967 | 0.956 | 0.989 | 1.032
  203 | Long Beach St.       |   1 | 0.966 | 0.965 | 0.999 | 1.020
  204 | Wright St.           |   1 | 0.965 | 1.079 | 1.117 | 1.037
  205 | SIU Edwardsville     |   1 | 0.964 | 0.931 | 0.965 | 1.016
  206 | Washburn             |   2 | 0.964 | 0.977 | 1.013 | 0.903
  207 | Marshall             |   1 | 0.963 | 0.933 | 0.969 | 0.971
  208 | Massachusetts        |   1 | 0.962 | 1.073 | 1.114 | 1.016
  209 | Stetson              |   1 | 0.961 | 1.016 | 1.057 | 1.004
  210 | Indianapolis         |   2 | 0.960 | 0.949 | 0.989 | 0.876
  211 | Clayton St.          |   2 | 0.959 | 0.993 | 1.036 | 0.918
  212 | St. Louis            |   1 | 0.959 | 0.834 | 0.869 | 1.025
  213 | UC Santa Barbara     |   1 | 0.957 | 0.832 | 0.869 | 0.993
  214 | Mississippi Val.     |   1 | 0.957 | 0.942 | 0.984 | 1.059
  215 | Providence           |   1 | 0.955 | 0.982 | 1.029 | 1.049
  216 | Yale                 |   1 | 0.953 | 1.127 | 1.182 | 1.043
  217 | IUPUI                |   1 | 0.952 | 1.040 | 1.093 | 0.979
  218 | Texas Southern       |   1 | 0.951 | 0.915 | 0.963 | 1.034
  219 | FIU                  |   1 | 0.950 | 0.964 | 1.015 | 1.006
  220 | Gannon               |   2 | 0.950 | 0.959 | 1.010 | 0.930
  221 | Penn                 |   1 | 0.950 | 0.947 | 0.997 | 0.992
  222 | Bloomsburg           |   2 | 0.949 | 1.040 | 1.096 | 0.806
  223 | Texas St.            |   1 | 0.949 | 1.135 | 1.196 | 1.012
  224 | American             |   1 | 0.949 | 0.998 | 1.051 | 0.992
  225 | William & Mary       |   1 | 0.948 | 1.087 | 1.147 | 0.966
  226 | Cleveland St.        |   1 | 0.948 | 1.006 | 1.061 | 0.983
  227 | Mississippi St.      |   1 | 0.948 | 0.934 | 0.985 | 1.007
  228 | Dartmouth            |   1 | 0.946 | 0.968 | 1.024 | 1.056
  229 | Hofstra              |   1 | 0.946 | 1.061 | 1.122 | 1.064
  230 | Stony Brook          |   1 | 0.946 | 0.850 | 0.899 | 0.971
  231 | Towson               |   1 | 0.945 | 0.871 | 0.921 | 0.942
  232 | Canisius             |   1 | 0.942 | 0.917 | 0.973 | 0.968
  233 | Stonehill            |   2 | 0.942 | 0.925 | 0.982 | 0.901
  234 | Augusta St.          |   2 | 0.942 | 0.935 | 0.993 | 0.838
  235 | Indiana (PA)         |   2 | 0.941 | 0.847 | 0.900 | 0.860
  236 | Cornell              |   1 | 0.940 | 0.982 | 1.045 | 0.997
  237 | Milwaukee            |   1 | 0.940 | 1.038 | 1.104 | 0.979
  238 | Furman               |   1 | 0.938 | 1.050 | 1.119 | 0.997
  239 | Loyola Maryland      |   1 | 0.938 | 0.900 | 0.960 | 1.021
  240 | Valparaiso           |   1 | 0.938 | 0.967 | 1.031 | 1.045
  241 | Elon                 |   1 | 0.937 | 1.001 | 1.069 | 1.006
  242 | Holy Cross           |   1 | 0.937 | 0.991 | 1.058 | 1.009
  243 | Colgate              |   1 | 0.936 | 0.933 | 0.996 | 1.040
  244 | High Point           |   1 | 0.936 | 0.988 | 1.056 | 1.034
  245 | Eastern Ky.          |   1 | 0.936 | 0.941 | 1.005 | 0.985
  246 | Mass.-Lowell         |   2 | 0.935 | 1.185 | 1.268 | 0.901
  247 | VCU                  |   1 | 0.935 | 1.004 | 1.073 | 0.972
  248 | Rice                 |   1 | 0.934 | 0.971 | 1.040 | 1.071
  249 | Mo. Western St.      |   2 | 0.934 | 1.009 | 1.081 | 0.918
  250 | East Tenn. St.       |   1 | 0.932 | 1.053 | 1.129 | 1.028
  251 | Oakland              |   1 | 0.932 | 0.967 | 1.037 | 0.970
  252 | Cal St. Chico        |   2 | 0.931 | 0.897 | 0.963 | 0.839
  253 | Wake Forest          |   1 | 0.931 | 1.019 | 1.095 | 1.068
  254 | New Mexico St.       |   1 | 0.929 | 0.906 | 0.975 | 0.998
  255 | Truman               |   2 | 0.929 | 0.928 | 0.999 | 0.900
  256 | Pepperdine           |   1 | 0.928 | 0.983 | 1.059 | 0.999
  257 | Southeastern La.     |   1 | 0.928 | 1.064 | 1.147 | 0.959
  258 | Northwest Mo. St.    |   2 | 0.928 | 0.958 | 1.032 | 0.849
  259 | Merrimack            |   2 | 0.927 | 0.994 | 1.072 | 0.924
  260 | Monmouth             |   1 | 0.926 | 1.023 | 1.104 | 0.968
  261 | Tennessee Tech       |   1 | 0.922 | 0.990 | 1.074 | 1.009
  262 | Sam Houston St.      |   1 | 0.921 | 0.970 | 1.053 | 0.975
  263 | Troy                 |   1 | 0.920 | 1.223 | 1.330 | 0.984
  264 | Michigan Tech        |   2 | 0.917 | 1.133 | 1.236 | 0.921
  265 | NYIT                 |   2 | 0.917 | 1.030 | 1.123 | 0.830
  266 | Utah St.             |   1 | 0.917 | 1.115 | 1.216 | 0.984
  267 | Samford              |   1 | 0.916 | 0.757 | 0.827 | 0.959
  268 | Bryant               |   1 | 0.916 | 0.994 | 1.084 | 1.003
  269 | Loyola (IL)          |   1 | 0.911 | 1.007 | 1.105 | 0.968
  270 | La Salle             |   1 | 0.911 | 0.920 | 1.010 | 1.041
  271 | UNLV                 |   1 | 0.910 | 1.043 | 1.146 | 0.975
  272 | Arkansas St.         |   1 | 0.909 | 0.887 | 0.976 | 1.021
  273 | Millersville         |   2 | 0.908 | 1.004 | 1.105 | 0.829
  274 | St. Francis (NY)     |   1 | 0.907 | 0.944 | 1.041 | 0.959
  275 | Northern Ky.         |   1 | 0.907 | 0.887 | 0.977 | 1.015
  276 | East Central         |   2 | 0.906 | 0.988 | 1.091 | 0.856
  277 | Winona St.           |   2 | 0.905 | 0.901 | 0.996 | 0.831
  278 | Assumption           |   2 | 0.904 | 0.954 | 1.056 | 0.879
  279 | Western Wash.        |   2 | 0.901 | 0.963 | 1.069 | 0.912
  280 | Lehigh               |   1 | 0.901 | 0.889 | 0.986 | 0.985
  281 | Murray St.           |   1 | 0.900 | 1.010 | 1.122 | 0.953
  282 | Presbyterian         |   1 | 0.899 | 0.853 | 0.949 | 1.020
  283 | Southeast Mo. St.    |   1 | 0.899 | 0.920 | 1.023 | 0.973
  284 | Northern Ariz.       |   1 | 0.899 | 1.051 | 1.169 | 1.000
  285 | Minn. St. Mankato    |   2 | 0.899 | 1.089 | 1.211 | 0.807
  286 | Holy Family          |   2 | 0.899 | 0.956 | 1.063 | 0.894
  287 | Charleston So.       |   1 | 0.898 | 1.003 | 1.117 | 0.964
  288 | Iona                 |   1 | 0.896 | 0.969 | 1.082 | 1.048
  289 | Campbell             |   1 | 0.896 | 0.900 | 1.005 | 0.929
  290 | Prairie View         |   1 | 0.895 | 0.858 | 0.958 | 0.974
  291 | Morgan St.           |   1 | 0.894 | 1.024 | 1.145 | 0.955
  292 | Mount Olive          |   2 | 0.892 | 0.994 | 1.115 | 0.822
  293 | Central Mo.          |   2 | 0.891 | 1.060 | 1.190 | 0.872
  294 | Northern Colo.       |   1 | 0.891 | 0.853 | 0.957 | 0.997
  295 | Rhode Island         |   1 | 0.888 | 0.809 | 0.911 | 1.024
  296 | Minn.-Crookston      |   2 | 0.887 | 1.008 | 1.136 | 0.777
  297 | Findlay              |   2 | 0.887 | 0.968 | 1.091 | 0.889
  298 | Jacksonville         |   1 | 0.884 | 1.021 | 1.155 | 0.958
  299 | Southwestern Okla.   |   2 | 0.884 | 1.030 | 1.166 | 0.861
  300 | Western Mich.        |   1 | 0.882 | 0.994 | 1.127 | 0.997
  301 | St. Marys (TX)       |   2 | 0.880 | 0.932 | 1.059 | 0.895
  302 | Minn. Duluth         |   2 | 0.880 | 0.976 | 1.109 | 0.915
  303 | UNC Greensboro       |   1 | 0.880 | 0.914 | 1.039 | 0.989
  304 | Belmont              |   1 | 0.880 | 0.896 | 1.019 | 0.997
  305 | Wis.-Stevens Point   |   3 | 0.880 | 0.908 | 1.032 | 0.796
  306 | Cal St. Bakersfield  |   1 | 0.879 | 0.975 | 1.108 | 1.007
  307 | Mercer               |   1 | 0.878 | 0.890 | 1.014 | 0.984
  308 | Davis & Elkins       |   2 | 0.877 | 0.953 | 1.087 | 0.924
  309 | Florida A&M          |   1 | 0.875 | 1.044 | 1.192 | 0.969
  310 | Savannah St.         |   1 | 0.875 | 0.934 | 1.067 | 1.082
  311 | Amherst              |   3 | 0.871 | 0.882 | 1.013 | 0.778
  312 | NJIT                 |   1 | 0.871 | 0.874 | 1.003 | 0.887
  313 | Brown                |   1 | 0.871 | 0.909 | 1.044 | 0.949
  314 | UC Davis             |   1 | 0.870 | 1.013 | 1.164 | 1.010
  315 | Norfolk St.          |   1 | 0.870 | 0.915 | 1.052 | 0.984
  316 | Eastern Ill.         |   1 | 0.870 | 0.973 | 1.119 | 1.000
  317 | Wofford              |   1 | 0.868 | 0.921 | 1.061 | 0.939
  318 | Coppin St.           |   1 | 0.867 | 1.035 | 1.194 | 0.868
  319 | Manhattan            |   1 | 0.867 | 0.921 | 1.062 | 0.976
  320 | West Tex. A&M        |   2 | 0.866 | 0.847 | 0.978 | 0.925
  321 | Montclair St.        |   3 | 0.864 | 0.960 | 1.111 | 0.785
  322 | Ga. Southern         |   1 | 0.864 | 0.895 | 1.036 | 0.974
  323 | South Dakota         |   1 | 0.863 | 0.893 | 1.035 | 0.984
  324 | Lewis                |   2 | 0.863 | 1.044 | 1.211 | 0.909
  325 | DePauw               |   3 | 0.863 | 0.842 | 0.976 | 0.798
  326 | Southern Ind.        |   2 | 0.862 | 1.000 | 1.160 | 0.831
  327 | Gardner-Webb         |   1 | 0.862 | 0.848 | 0.984 | 0.967
  328 | Army                 |   1 | 0.861 | 0.933 | 1.084 | 0.900
  329 | Buffalo              |   1 | 0.860 | 0.915 | 1.065 | 1.029
  330 | La.-Lafayette        |   1 | 0.860 | 0.989 | 1.150 | 0.994
  331 | IPFW                 |   1 | 0.860 | 0.923 | 1.073 | 0.948
  332 | Tufts                |   3 | 0.859 | 0.815 | 0.949 | 0.792
  333 | UNC Wilmington       |   1 | 0.858 | 0.897 | 1.046 | 0.951
  334 | North Dakota         |   1 | 0.856 | 0.902 | 1.054 | 1.066
  335 | Vermont              |   1 | 0.856 | 0.941 | 1.099 | 0.943
  336 | Tusculum             |   2 | 0.856 | 0.918 | 1.072 | 0.906
  337 | Siena                |   1 | 0.856 | 0.865 | 1.011 | 0.934
  338 | Maine                |   1 | 0.854 | 0.924 | 1.082 | 1.033
  339 | Idaho                |   1 | 0.854 | 0.995 | 1.165 | 1.001
  340 | Jackson St.          |   1 | 0.854 | 0.947 | 1.108 | 1.015
  341 | Rider                |   1 | 0.852 | 0.968 | 1.136 | 0.966
  342 | La.-Monroe           |   1 | 0.850 | 0.920 | 1.081 | 1.009
  343 | Drake                |   1 | 0.850 | 1.053 | 1.239 | 0.989
  344 | Dowling              |   2 | 0.849 | 0.829 | 0.976 | 0.846
  345 | Ohio                 |   1 | 0.848 | 0.858 | 1.011 | 1.018
  346 | Franklin Pierce      |   2 | 0.848 | 0.932 | 1.099 | 0.888
  347 | Delaware St.         |   1 | 0.848 | 0.912 | 1.076 | 0.970
  348 | Austin Peay          |   1 | 0.848 | 1.008 | 1.189 | 1.032
  349 | Smith                |   3 | 0.847 | 0.979 | 1.156 | 0.794
  350 | Grand Valley St.     |   2 | 0.847 | 0.996 | 1.176 | 0.895
  351 | Francis Marion       |   2 | 0.846 | 0.987 | 1.166 | 0.857
  352 | Newberry             |   2 | 0.845 | 0.874 | 1.034 | 0.908
  353 | Metro St.            |   2 | 0.844 | 0.919 | 1.090 | 0.920
  354 | UC Irvine            |   1 | 0.844 | 0.842 | 0.999 | 1.000
  355 | Lenoir-Rhyne         |   2 | 0.844 | 0.900 | 1.067 | 0.962
  356 | Robert Morris        |   1 | 0.844 | 0.866 | 1.027 | 1.033
  357 | U New England        |   3 | 0.843 | 0.874 | 1.037 | 0.808
  358 | King (TN)            |   2 | 0.842 | 0.830 | 0.986 | 0.897
  359 | St. Marys (MN)       |   3 | 0.838 | 0.887 | 1.059 | 0.835
  360 | Abilene Christian    |   2 | 0.838 | 1.118 | 1.335 | 0.886
  361 | Minn. St. Moorhead   |   2 | 0.838 | 0.960 | 1.146 | 0.814
  362 | Ala.-Huntsville      |   2 | 0.837 | 1.002 | 1.198 | 0.904
  363 | Utah Valley          |   1 | 0.837 | 0.962 | 1.149 | 0.976
  364 | Northwood (MI)       |   2 | 0.836 | 1.001 | 1.198 | 0.872
  365 | Shippensburg         |   2 | 0.833 | 0.932 | 1.119 | 0.857
  366 | Ill.-Chicago         |   1 | 0.831 | 0.941 | 1.133 | 0.975
  367 | Lincoln (MO)         |   2 | 0.831 | 0.930 | 1.120 | 0.922
  368 | Coastal Caro.        |   1 | 0.829 | 0.783 | 0.944 | 0.898
  369 | Mt. St. Marys        |   1 | 0.829 | 0.885 | 1.068 | 1.014
  370 | Portland             |   1 | 0.829 | 0.870 | 1.050 | 1.034
  371 | Grand Canyon         |   2 | 0.829 | 0.911 | 1.098 | 0.860
  372 | Concordia-St. Paul   |   2 | 0.829 | 0.909 | 1.096 | 0.858
  373 | North Dakota St.     |   1 | 0.828 | 0.941 | 1.137 | 0.982
  374 | Bethune-Cookman      |   1 | 0.828 | 0.883 | 1.066 | 0.944
  375 | Messiah              |   3 | 0.828 | 0.914 | 1.104 | 0.835
  376 | Pfeiffer             |   2 | 0.824 | 0.991 | 1.203 | 0.906
  377 | Alas. Anchorage      |   2 | 0.824 | 0.939 | 1.139 | 0.917
  378 | Southern Ill.        |   1 | 0.822 | 1.000 | 1.216 | 0.989
  379 | Mont. St. Billings   |   2 | 0.819 | 0.961 | 1.174 | 0.882
  380 | Fayetteville St.     |   2 | 0.819 | 1.045 | 1.276 | 0.874
  381 | American Intl        |   2 | 0.819 | 0.800 | 0.977 | 0.862
  382 | Cal St. L.A.         |   2 | 0.818 | 1.105 | 1.352 | 0.816
  383 | Academy of Art       |   2 | 0.818 | 1.000 | 1.222 | 0.867
  384 | West Chester         |   2 | 0.817 | 0.973 | 1.191 | 0.865
  385 | Tex. Permian Basin   |   2 | 0.814 | 0.903 | 1.110 | 0.882
  386 | Regis (CO)           |   2 | 0.813 | 0.999 | 1.228 | 0.916
  387 | Colo. Christian      |   2 | 0.813 | 0.983 | 1.208 | 0.948
  388 | Evansville           |   1 | 0.811 | 0.867 | 1.069 | 1.003
  389 | Elizabeth City St.   |   2 | 0.811 | 0.991 | 1.223 | 0.822
  390 | Kennesaw St.         |   1 | 0.811 | 0.847 | 1.045 | 0.981
  391 | Rollins              |   2 | 0.811 | 0.855 | 1.055 | 0.818
  392 | Ball St.             |   1 | 0.811 | 0.852 | 1.051 | 0.955
  393 | Long Island          |   1 | 0.810 | 0.925 | 1.143 | 0.934
  394 | Cal St. East Bay     |   2 | 0.809 | 0.755 | 0.934 | 0.820
  395 | Northeastern St.     |   2 | 0.807 | 0.876 | 1.085 | 0.875
  396 | Mary                 |   2 | 0.807 | 0.932 | 1.154 | 0.902
  397 | Hope                 |   3 | 0.807 | 0.811 | 1.005 | 0.746
  398 | Ouachita Baptist     |   2 | 0.805 | 0.960 | 1.192 | 0.829
  399 | St. Leo              |   2 | 0.805 | 0.970 | 1.205 | 0.825
  400 | Kutztown             |   2 | 0.804 | 0.925 | 1.150 | 0.871
  401 | Bellarmine           |   2 | 0.804 | 0.955 | 1.187 | 0.836
  402 | Morehead St.         |   1 | 0.803 | 0.807 | 1.005 | 1.030
  403 | Dixie St.            |   2 | 0.803 | 1.042 | 1.298 | 0.908
  404 | UMKC                 |   1 | 0.801 | 0.921 | 1.149 | 0.973
  405 | UMBC                 |   1 | 0.801 | 0.924 | 1.154 | 0.929
  406 | Cal Poly Pomona      |   2 | 0.798 | 0.958 | 1.200 | 0.939
  407 | Glenville St.        |   2 | 0.798 | 1.178 | 1.477 | 0.885
  408 | Central Okla.        |   2 | 0.797 | 0.894 | 1.122 | 0.859
  409 | Delta St.            |   2 | 0.797 | 0.936 | 1.176 | 0.882
  410 | West Virginia St.    |   2 | 0.795 | 0.977 | 1.228 | 0.861
  411 | Eckerd               |   2 | 0.794 | 0.903 | 1.137 | 0.826
  412 | Adelphi              |   2 | 0.794 | 0.991 | 1.248 | 0.860
  413 | Seton Hall           |   1 | 0.794 | 0.841 | 1.058 | 0.984
  414 | Fairleigh Dickinson  |   1 | 0.793 | 0.863 | 1.089 | 0.973
  415 | Barton               |   2 | 0.791 | 0.851 | 1.075 | 0.863
  416 | Incarnate Word       |   2 | 0.790 | 0.897 | 1.136 | 0.881
  417 | Midwestern St.       |   2 | 0.788 | 0.974 | 1.237 | 0.838
  418 | UC-Colo. Springs     |   2 | 0.788 | 0.993 | 1.261 | 0.857
  419 | Southern N.H.        |   2 | 0.787 | 0.837 | 1.063 | 0.905
  420 | Longwood             |   1 | 0.787 | 0.955 | 1.212 | 0.980
  421 | Central Wash.        |   2 | 0.786 | 0.921 | 1.171 | 0.869
  422 | Northwestern St.     |   1 | 0.786 | 0.805 | 1.024 | 0.970
  423 | San Jose St.         |   1 | 0.785 | 0.995 | 1.268 | 0.942
  424 | Arkansas Tech        |   2 | 0.785 | 0.928 | 1.182 | 0.939
  425 | St. Michaels         |   2 | 0.784 | 0.881 | 1.123 | 0.908
  426 | Emmanuel (MA)        |   3 | 0.784 | 0.824 | 1.051 | 0.810
  427 | Harding              |   2 | 0.784 | 0.937 | 1.195 | 0.887
  428 | Alabama A&M          |   1 | 0.783 | 0.908 | 1.160 | 1.026
  429 | Calvin               |   3 | 0.780 | 0.994 | 1.275 | 0.811
  430 | Tampa                |   2 | 0.780 | 0.893 | 1.145 | 0.836
  431 | C.W. Post            |   2 | 0.780 | 0.976 | 1.252 | 0.865
  432 | Lipscomb             |   1 | 0.779 | 0.778 | 0.998 | 1.019
  433 | Columbus St.         |   2 | 0.779 | 0.980 | 1.257 | 0.880
  434 | Carson-Newman        |   2 | 0.778 | 0.836 | 1.075 | 0.844
  435 | UNC Pembroke         |   2 | 0.777 | 0.899 | 1.157 | 0.901
  436 | Edinboro             |   2 | 0.777 | 0.998 | 1.283 | 0.847
  437 | Emory                |   3 | 0.776 | 0.920 | 1.185 | 0.752
  438 | Lafayette            |   1 | 0.776 | 0.780 | 1.005 | 0.980
  439 | Northwest Nazarene   |   2 | 0.775 | 0.860 | 1.110 | 0.909
  440 | UC San Diego         |   2 | 0.775 | 0.926 | 1.194 | 0.926
  441 | Wayne St. (MI)       |   2 | 0.775 | 0.933 | 1.204 | 0.917
  442 | Wis.-Parkside        |   2 | 0.774 | 0.831 | 1.074 | 0.849
  443 | S.C. Upstate         |   1 | 0.774 | 0.835 | 1.079 | 1.037
  444 | Florida Tech         |   2 | 0.773 | 0.973 | 1.257 | 0.844
  445 | Drury                |   2 | 0.772 | 0.854 | 1.106 | 0.909
  446 | Colorado St.-Pueblo  |   2 | 0.771 | 0.820 | 1.063 | 0.836
  447 | Md.-East. Shore      |   1 | 0.771 | 0.814 | 1.057 | 0.985
  448 | St. Thomas (MN)      |   3 | 0.770 | 0.886 | 1.150 | 0.836
  449 | Valdosta St.         |   2 | 0.769 | 0.852 | 1.108 | 0.851
  450 | Wheaton (IL)         |   3 | 0.769 | 0.861 | 1.121 | 0.706
  451 | Jacksonville St.     |   1 | 0.769 | 0.839 | 1.091 | 0.980
  452 | Hawaii Pacific       |   2 | 0.768 | 0.822 | 1.071 | 0.896
  453 | Hawaii Hilo          |   2 | 0.766 | 0.884 | 1.153 | 0.856
  454 | Southern U.          |   1 | 0.764 | 0.847 | 1.110 | 1.023
  455 | Houston Baptist      |   1 | 0.763 | 0.884 | 1.159 | 0.940
  456 | Queens (NY)          |   2 | 0.762 | 0.812 | 1.066 | 0.890
  457 | Bridgeport           |   2 | 0.762 | 0.883 | 1.158 | 0.865
  458 | Tarleton St.         |   2 | 0.762 | 0.954 | 1.252 | 0.924
  459 | Wingate              |   2 | 0.761 | 0.846 | 1.111 | 0.902
  460 | St. Anselm           |   2 | 0.761 | 0.757 | 0.994 | 0.907
  461 | Fairmont St.         |   2 | 0.759 | 0.923 | 1.217 | 0.905
  462 | Cal St. Monterey Bay |   2 | 0.759 | 0.839 | 1.106 | 0.798
  463 | Tex.-Pan American    |   1 | 0.757 | 0.870 | 1.149 | 0.932
  464 | St. Augustines       |   2 | 0.753 | 0.865 | 1.149 | 0.893
  465 | East. Mennonite      |   3 | 0.753 | 0.894 | 1.189 | 0.844
  466 | Simpson              |   3 | 0.753 | 0.911 | 1.211 | 0.750
  467 | St. Martins          |   2 | 0.752 | 0.959 | 1.276 | 0.892
  468 | Dist. Columbia       |   2 | 0.752 | 0.899 | 1.196 | 0.851
  469 | Lynn                 |   2 | 0.752 | 0.893 | 1.187 | 0.789
  470 | Missouri S&T         |   2 | 0.749 | 0.767 | 1.025 | 0.882
  471 | Ferrum               |   3 | 0.749 | 0.915 | 1.221 | 0.792
  472 | Lewis & Clark        |   3 | 0.748 | 0.912 | 1.219 | 0.785
  473 | Seattle Pacific      |   2 | 0.748 | 0.967 | 1.293 | 0.845
  474 | Southwest Baptist    |   2 | 0.748 | 0.869 | 1.161 | 0.828
  475 | West Ga.             |   2 | 0.748 | 0.837 | 1.119 | 0.900
  476 | Alcorn St.           |   1 | 0.747 | 0.801 | 1.072 | 1.017
  477 | Charleston (WV)      |   2 | 0.746 | 1.024 | 1.373 | 0.815
  478 | Ohio Northern        |   3 | 0.746 | 0.885 | 1.186 | 0.786
  479 | Barry                |   2 | 0.746 | 0.823 | 1.104 | 0.777
  480 | Ithaca               |   3 | 0.744 | 0.858 | 1.153 | 0.771
  481 | Anderson (SC)        |   2 | 0.742 | 0.890 | 1.199 | 0.864
  482 | Weber St.            |   1 | 0.741 | 0.867 | 1.170 | 1.038
  483 | Virginia St.         |   2 | 0.741 | 0.862 | 1.164 | 0.795
  484 | West Liberty         |   2 | 0.741 | 0.989 | 1.335 | 0.875
  485 | Mercyhurst           |   2 | 0.741 | 0.850 | 1.146 | 1.054
  486 | Goldey-Beacom        |   2 | 0.740 | 0.844 | 1.141 | 0.894
  487 | Williams             |   3 | 0.740 | 0.725 | 0.980 | 0.810
  488 | New Haven            |   2 | 0.740 | 0.942 | 1.273 | 0.880
  489 | Montevallo           |   2 | 0.739 | 0.921 | 1.247 | 0.863
  490 | Cornell College      |   3 | 0.737 | 0.829 | 1.125 | 0.744
  491 | Washington-St. Louis |   3 | 0.737 | 0.931 | 1.264 | 0.820
  492 | Armstrong Atlantic   |   2 | 0.737 | 0.913 | 1.239 | 0.879
  493 | Quincy               |   2 | 0.737 | 0.885 | 1.201 | 0.957
  494 | Oswego St.           |   3 | 0.736 | 0.698 | 0.948 | 0.763
  495 | Pitt.-Johnstown      |   2 | 0.736 | 0.844 | 1.147 | 0.854
  496 | Fort Valley St.      |   2 | 0.734 | 0.882 | 1.203 | 0.859
  497 | Colorado Mines       |   2 | 0.733 | 0.879 | 1.199 | 0.864
  498 | Winston-Salem        |   2 | 0.731 | 0.733 | 1.003 | 0.881
  499 | Dominican (NY)       |   2 | 0.731 | 0.839 | 1.149 | 0.894
  500 | Ky. Wesleyan         |   2 | 0.731 | 0.894 | 1.223 | 1.054
  501 | Catawba              |   2 | 0.731 | 0.916 | 1.254 | 0.886
  502 | Emporia St.          |   2 | 0.729 | 0.900 | 1.235 | 0.832
  503 | A&M-Corpus Christi   |   1 | 0.729 | 0.803 | 1.101 | 0.999
  504 | Queens (NC)          |   2 | 0.729 | 0.902 | 1.238 | 0.832
  505 | Coker                |   2 | 0.728 | 0.921 | 1.264 | 0.852
  506 | Brevard              |   2 | 0.728 | 0.904 | 1.242 | 0.909
  507 | North Florida        |   1 | 0.727 | 0.735 | 1.010 | 1.007
  508 | St. Cloud St.        |   2 | 0.727 | 0.817 | 1.124 | 0.756
  509 | Columbia             |   1 | 0.726 | 0.710 | 0.978 | 0.917
  510 | Bluefield St.        |   2 | 0.726 | 1.025 | 1.411 | 0.891
  511 | USP                  |   2 | 0.726 | 0.857 | 1.180 | 0.872
  512 | Albany St. (GA)      |   2 | 0.726 | 0.848 | 1.169 | 0.870
  513 | Fort Lewis           |   2 | 0.726 | 0.843 | 1.162 | 0.912
  514 | SUNY Geneseo         |   3 | 0.722 | 0.892 | 1.236 | 0.697
  515 | Angelo St.           |   2 | 0.721 | 0.792 | 1.099 | 0.851
  516 | Louisiana Col.       |   3 | 0.720 | 1.026 | 1.426 | 0.712
  517 | UC Santa Cruz        |   3 | 0.720 | 0.774 | 1.075 | 0.746
  518 | Benedict             |   2 | 0.719 | 0.808 | 1.124 | 0.886
  519 | Wagner               |   1 | 0.719 | 0.845 | 1.176 | 0.931
  520 | Ark.-Monticello      |   2 | 0.719 | 0.903 | 1.256 | 0.804
  521 | Neb.-Kearney         |   2 | 0.719 | 0.862 | 1.198 | 0.885
  522 | Lebanon Valley       |   3 | 0.718 | 0.826 | 1.151 | 0.790
  523 | Philadelphia U.      |   2 | 0.717 | 0.824 | 1.149 | 0.855
  524 | Mo. Southern St.     |   2 | 0.717 | 0.895 | 1.249 | 0.859
  525 | Western Caro.        |   1 | 0.717 | 0.787 | 1.097 | 0.876
  526 | Saginaw Valley       |   2 | 0.717 | 0.868 | 1.211 | 0.869
  527 | Paine                |   2 | 0.717 | 0.816 | 1.137 | 0.889
  528 | Bloomfield           |   2 | 0.716 | 0.845 | 1.180 | 0.873
  529 | FDU-Florham          |   3 | 0.715 | 0.835 | 1.168 | 0.750
  530 | Ark.-Pine Bluff      |   1 | 0.713 | 0.787 | 1.104 | 1.072
  531 | Central St. (OH)     |   2 | 0.713 | 0.895 | 1.255 | 0.777
  532 | Ferris St.           |   2 | 0.713 | 0.857 | 1.202 | 0.896
  533 | Babson               |   3 | 0.713 | 0.813 | 1.141 | 0.788
  534 | Binghamton           |   1 | 0.713 | 0.785 | 1.101 | 0.962
  535 | North Ala.           |   2 | 0.712 | 0.894 | 1.256 | 0.807
  536 | Henderson St.        |   2 | 0.712 | 0.910 | 1.279 | 0.751
  537 | Pace                 |   2 | 0.711 | 0.762 | 1.072 | 0.869
  538 | New Orleans          |   1 | 0.711 | 0.826 | 1.162 | 0.975
  539 | Grambling            |   1 | 0.709 | 0.826 | 1.165 | 1.027
  540 | Seton Hill           |   2 | 0.709 | 0.878 | 1.239 | 0.965
  541 | Hartwick             |   3 | 0.709 | 0.749 | 1.056 | 0.754
  542 | East Stroudsburg     |   2 | 0.708 | 0.838 | 1.184 | 0.870
  543 | West Va. Wesleyan    |   2 | 0.707 | 0.928 | 1.313 | 0.887
  544 | Texas-Arlington      |   1 | 0.706 | 0.887 | 1.256 | 1.014
  545 | Kent St.             |   1 | 0.705 | 0.803 | 1.139 | 0.980
  546 | Southern Me.         |   3 | 0.704 | 0.844 | 1.200 | 0.768
  547 | Lander               |   2 | 0.703 | 0.811 | 1.153 | 0.909
  548 | New Paltz St.        |   3 | 0.702 | 0.879 | 1.252 | 0.816
  549 | Sonoma St.           |   2 | 0.701 | 0.895 | 1.276 | 0.850
  550 | Southern Conn. St.   |   2 | 0.701 | 0.886 | 1.265 | 0.899
  551 | Caldwell             |   2 | 0.700 | 0.842 | 1.202 | 0.897
  552 | Rhodes               |   3 | 0.700 | 0.860 | 1.229 | 0.774
  553 | Tiffin               |   2 | 0.698 | 0.822 | 1.178 | 0.853
  554 | Tuskegee             |   2 | 0.698 | 0.802 | 1.149 | 0.898
  555 | Lake Superior St.    |   2 | 0.696 | 0.843 | 1.211 | 0.916
  556 | Georgia College      |   2 | 0.696 | 0.838 | 1.204 | 0.865
  557 | Air Force            |   1 | 0.696 | 0.835 | 1.199 | 0.954
  558 | Lincoln (PA)         |   2 | 0.696 | 0.862 | 1.238 | 0.891
  559 | Virginia Union       |   2 | 0.695 | 0.794 | 1.142 | 0.883
  560 | Belmont Abbey        |   2 | 0.695 | 0.753 | 1.084 | 0.816
  561 | Humboldt St.         |   2 | 0.693 | 0.851 | 1.228 | 0.866
  562 | Clark Atlanta        |   2 | 0.692 | 0.917 | 1.325 | 0.855
  563 | Palm Beach Atl.      |   2 | 0.690 | 0.854 | 1.237 | 0.899
  564 | George Fox           |   3 | 0.689 | 0.766 | 1.111 | 0.845
  565 | Wis.-Superior        |   3 | 0.689 | 0.895 | 1.300 | 0.796
  566 | Mo.-St. Louis        |   2 | 0.687 | 0.839 | 1.220 | 0.826
  567 | Newman               |   2 | 0.686 | 0.845 | 1.232 | 0.875
  568 | Western Conn. St.    |   3 | 0.686 | 0.815 | 1.188 | 0.792
  569 | Carnegie Mellon      |   3 | 0.685 | 0.787 | 1.149 | 0.727
  570 | Fla. Southern        |   2 | 0.685 | 0.798 | 1.164 | 0.864
  571 | Catholic             |   3 | 0.684 | 0.759 | 1.109 | 0.757
  572 | Georgian Court       |   2 | 0.684 | 0.883 | 1.291 | 0.902
  573 | Shepherd             |   2 | 0.682 | 0.869 | 1.275 | 0.887
  574 | York (PA)            |   3 | 0.681 | 0.780 | 1.146 | 0.751
  575 | Tex. A&M-Commerce    |   2 | 0.681 | 0.857 | 1.258 | 0.844
  576 | Endicott             |   3 | 0.681 | 0.758 | 1.113 | 0.805
  577 | Wm. Paterson         |   3 | 0.681 | 0.830 | 1.218 | 0.838
  578 | Wis.-Whitewater      |   3 | 0.680 | 0.891 | 1.311 | 0.774
  579 | Rochester (NY)       |   3 | 0.676 | 0.794 | 1.174 | 0.745
  580 | St. Peters           |   1 | 0.675 | 0.829 | 1.229 | 0.998
  581 | Post                 |   2 | 0.674 | 0.825 | 1.224 | 0.824
  582 | Southeastern Okla.   |   2 | 0.674 | 0.913 | 1.355 | 0.889
  583 | Western New Eng.     |   3 | 0.672 | 0.756 | 1.124 | 0.761
  584 | Kenyon               |   3 | 0.672 | 0.795 | 1.183 | 0.801
  585 | Bridgewater St.      |   3 | 0.671 | 0.852 | 1.270 | 0.790
  586 | Salve Regina         |   3 | 0.670 | 0.834 | 1.245 | 0.862
  587 | BYU-Hawaii           |   2 | 0.670 | 0.842 | 1.256 | 0.884
  588 | Chicago St.          |   1 | 0.670 | 0.856 | 1.279 | 1.040
  589 | Castleton            |   3 | 0.668 | 0.779 | 1.166 | 0.742
  590 | Chris. Newport       |   3 | 0.667 | 0.785 | 1.176 | 0.774
  591 | Lincoln Memorial     |   2 | 0.667 | 0.733 | 1.100 | 0.852
  592 | John Carroll         |   3 | 0.667 | 0.936 | 1.404 | 0.789
  593 | Lees-McRae           |   2 | 0.665 | 0.810 | 1.218 | 0.937
  594 | Alderson-Broaddus    |   2 | 0.665 | 0.781 | 1.176 | 0.845
  595 | Hamilton             |   3 | 0.665 | 0.734 | 1.105 | 0.844
  596 | Carthage             |   3 | 0.665 | 0.780 | 1.173 | 0.766
  597 | West Ala.            |   2 | 0.665 | 0.856 | 1.287 | 0.796
  598 | Ill.-Springfield     |   2 | 0.665 | 0.765 | 1.150 | 0.917
  599 | Chadron St.          |   2 | 0.664 | 0.857 | 1.290 | 0.917
  600 | Rockhurst            |   2 | 0.661 | 0.807 | 1.221 | 0.898
  601 | Ohio Valley          |   2 | 0.661 | 0.830 | 1.255 | 0.878
  602 | Gwynedd-Mercy        |   3 | 0.661 | 0.859 | 1.299 | 0.762
  603 | Western Ore.         |   2 | 0.661 | 0.857 | 1.296 | 0.815
  604 | Maryville (TN)       |   3 | 0.661 | 0.861 | 1.303 | 0.761
  605 | Thomas More          |   3 | 0.660 | 0.812 | 1.231 | 0.796
  606 | Baldwin-Wallace      |   3 | 0.659 | 0.886 | 1.346 | 0.786
  607 | Wis.-La Crosse       |   3 | 0.658 | 0.797 | 1.210 | 0.773
  608 | St. Edwards          |   2 | 0.657 | 0.859 | 1.307 | 0.822
  609 | Trinity (CT)         |   3 | 0.657 | 0.751 | 1.144 | 0.750
  610 | Wis.-River Falls     |   3 | 0.656 | 0.779 | 1.187 | 0.740
  611 | Le Moyne             |   2 | 0.656 | 0.766 | 1.168 | 0.892
  612 | St. Rose             |   2 | 0.656 | 0.810 | 1.234 | 0.851
  613 | Bowie St.            |   2 | 0.655 | 0.745 | 1.137 | 0.885
  614 | Guilford             |   3 | 0.655 | 0.760 | 1.161 | 0.777
  615 | West Fla.            |   2 | 0.654 | 0.803 | 1.228 | 0.857
  616 | Richard Stockton     |   3 | 0.653 | 0.779 | 1.193 | 0.774
  617 | Muhlenberg           |   3 | 0.653 | 0.793 | 1.214 | 0.752
  618 | St. Thomas Aquinas   |   2 | 0.652 | 0.765 | 1.173 | 0.855
  619 | Oneonta St.          |   3 | 0.652 | 0.677 | 1.039 | 0.803
  620 | Lock Haven           |   2 | 0.651 | 0.770 | 1.182 | 0.825
  621 | Swarthmore           |   3 | 0.650 | 0.812 | 1.250 | 0.750
  622 | WPI                  |   3 | 0.650 | 0.766 | 1.179 | 0.763
  623 | Concord              |   2 | 0.650 | 0.872 | 1.342 | 0.877
  624 | Hillsdale            |   2 | 0.650 | 0.785 | 1.208 | 0.874
  625 | Clarion              |   2 | 0.649 | 0.873 | 1.344 | 0.878
  626 | Rensselaer           |   3 | 0.649 | 0.842 | 1.297 | 0.749
  627 | Case                 |   3 | 0.649 | 0.822 | 1.266 | 0.802
  628 | New York U.          |   3 | 0.648 | 0.839 | 1.295 | 0.714
  629 | Flagler              |   2 | 0.647 | 0.810 | 1.252 | 0.858
  630 | Olivet               |   3 | 0.647 | 0.799 | 1.236 | 0.808
  631 | Middlebury           |   3 | 0.647 | 0.820 | 1.266 | 0.843
  632 | Haverford            |   3 | 0.645 | 0.733 | 1.137 | 0.748
  633 | St. Marys (MD)       |   3 | 0.644 | 0.823 | 1.278 | 0.713
  634 | Mass.-Boston         |   3 | 0.644 | 0.794 | 1.233 | 0.704
  635 | Whitworth            |   3 | 0.644 | 0.853 | 1.324 | 0.698
  636 | Christian Bros.      |   2 | 0.643 | 0.717 | 1.114 | 0.884
  637 | Wesleyan (CT)        |   3 | 0.643 | 0.765 | 1.190 | 0.748
  638 | Mars Hill            |   2 | 0.643 | 0.818 | 1.271 | 0.907
  639 | Livingstone          |   2 | 0.642 | 0.900 | 1.401 | 0.836
  640 | Scranton             |   3 | 0.641 | 0.781 | 1.218 | 0.761
  641 | Wheeling Jesuit      |   2 | 0.640 | 0.781 | 1.220 | 0.858
  642 | Texas Womans         |   2 | 0.639 | 0.715 | 1.118 | 0.886
  643 | Otterbein            |   3 | 0.638 | 0.803 | 1.258 | 0.775
  644 | Upper Iowa           |   2 | 0.638 | 0.808 | 1.266 | 0.876
  645 | Ga. Southwestern     |   2 | 0.637 | 0.765 | 1.200 | 0.891
  646 | Widener              |   3 | 0.637 | 0.850 | 1.334 | 0.774
  647 | San Fran. St.        |   2 | 0.636 | 0.749 | 1.178 | 0.876
  648 | Suffolk              |   3 | 0.635 | 0.760 | 1.196 | 0.763
  649 | St. Olaf             |   3 | 0.634 | 0.793 | 1.250 | 0.797
  650 | Adams St.            |   2 | 0.631 | 0.810 | 1.282 | 0.830
  651 | Moravian             |   3 | 0.631 | 0.884 | 1.400 | 0.774
  652 | Kentucky St.         |   2 | 0.630 | 0.790 | 1.254 | 0.883
  653 | Mount Union          |   3 | 0.629 | 0.820 | 1.304 | 0.755
  654 | Methodist            |   3 | 0.629 | 0.757 | 1.203 | 0.739
  655 | Mississippi Col.     |   3 | 0.628 | 0.820 | 1.305 | 0.784
  656 | Ark.-Fort Smith      |   2 | 0.627 | 0.867 | 1.383 | 0.854
  657 | MIT                  |   3 | 0.627 | 0.737 | 1.177 | 0.796
  658 | Cal St. Dom. Hills   |   2 | 0.626 | 0.702 | 1.121 | 0.934
  659 | Cabrini              |   3 | 0.626 | 0.727 | 1.161 | 0.783
  660 | North Greenville     |   2 | 0.625 | 0.890 | 1.423 | 0.900
  661 | Cal St. San Bdino    |   2 | 0.625 | 0.703 | 1.125 | 0.856
  662 | Slippery Rock        |   2 | 0.625 | 0.803 | 1.285 | 0.892
  663 | Loras                |   3 | 0.624 | 0.786 | 1.259 | 0.744
  664 | Misericordia         |   3 | 0.624 | 0.801 | 1.284 | 0.736
  665 | Colby-Sawyer         |   3 | 0.623 | 0.813 | 1.305 | 0.762
  666 | Lynchburg            |   3 | 0.621 | 0.817 | 1.316 | 0.756
  667 | Plattsburgh St.      |   3 | 0.620 | 0.789 | 1.272 | 0.775
  668 | Franklin             |   3 | 0.620 | 0.771 | 1.243 | 0.769
  669 | UNC Asheville        |   1 | 0.618 | 0.716 | 1.160 | 0.998
  670 | Tex. A&M Intl        |   2 | 0.616 | 0.801 | 1.301 | 0.836
  671 | Chestnut Hill        |   2 | 0.616 | 0.749 | 1.217 | 0.869
  672 | Capital              |   3 | 0.615 | 0.823 | 1.338 | 0.778
  673 | Ursinus              |   3 | 0.614 | 0.738 | 1.202 | 0.724
  674 | Curry                |   3 | 0.614 | 0.729 | 1.187 | 0.739
  675 | Oakland City         |   2 | 0.613 | 0.859 | 1.401 | 0.847
  676 | Marymount (VA)       |   3 | 0.613 | 0.752 | 1.227 | 0.765
  677 | Howard Payne         |   3 | 0.613 | 0.783 | 1.278 | 0.798
  678 | Whitman              |   3 | 0.613 | 0.841 | 1.372 | 0.719
  679 | Rhode Island Col.    |   3 | 0.613 | 0.723 | 1.179 | 0.802
  680 | Regis (MA)           |   3 | 0.611 | 0.764 | 1.249 | 0.825
  681 | Gust. Adolphus       |   3 | 0.611 | 0.738 | 1.208 | 0.838
  682 | Hanover              |   3 | 0.611 | 0.911 | 1.492 | 0.776
  683 | Vassar               |   3 | 0.610 | 0.863 | 1.415 | 0.764
  684 | N.C. Central         |   1 | 0.610 | 0.674 | 1.104 | 0.955
  685 | Albertus Magnus      |   3 | 0.610 | 0.895 | 1.468 | 0.595
  686 | North Ga.            |   2 | 0.608 | 0.832 | 1.368 | 0.870
  687 | Cameron              |   2 | 0.608 | 0.794 | 1.305 | 0.895
  688 | Miles                |   2 | 0.607 | 0.706 | 1.164 | 0.850
  689 | Concordia-Mhead      |   3 | 0.607 | 0.759 | 1.252 | 0.754
  690 | Roger Williams       |   3 | 0.606 | 0.816 | 1.345 | 0.837
  691 | Concordia (NY)       |   2 | 0.605 | 0.772 | 1.276 | 0.856
  692 | Manhattanville       |   3 | 0.604 | 0.787 | 1.303 | 0.770
  693 | Spalding             |   3 | 0.603 | 0.774 | 1.284 | 0.777
  694 | La Roche             |   3 | 0.602 | 0.805 | 1.338 | 0.738
  695 | Wellesley            |   3 | 0.602 | 0.638 | 1.060 | 0.787
  696 | Monmouth (IL)        |   3 | 0.600 | 0.885 | 1.475 | 0.780
  697 | Piedmont             |   3 | 0.600 | 0.801 | 1.334 | 0.783
  698 | Ill. Wesleyan        |   3 | 0.599 | 0.858 | 1.433 | 0.808
  699 | Texas-Dallas         |   3 | 0.599 | 0.792 | 1.322 | 0.753
  700 | Greenville           |   3 | 0.599 | 0.745 | 1.243 | 0.728
  701 | Luther               |   3 | 0.599 | 0.827 | 1.381 | 0.758
  702 | Berry                |   3 | 0.599 | 0.858 | 1.431 | 0.784
  703 | P.R.-Bayamon         |   2 | 0.597 | 0.699 | 1.170 | 0.894
  704 | Kings (PA)           |   3 | 0.596 | 0.852 | 1.429 | 0.809
  705 | Juniata              |   3 | 0.594 | 0.824 | 1.387 | 0.778
  706 | Wheaton (MA)         |   3 | 0.594 | 0.687 | 1.157 | 0.756
  707 | Brooklyn             |   3 | 0.593 | 0.731 | 1.233 | 0.768
  708 | Wartburg             |   3 | 0.592 | 0.693 | 1.171 | 0.800
  709 | TCNJ                 |   3 | 0.592 | 0.745 | 1.260 | 0.820
  710 | Eastern Nazarene     |   3 | 0.591 | 0.755 | 1.277 | 0.699
  711 | DeSales              |   3 | 0.591 | 0.791 | 1.339 | 0.811
  712 | Mary Washington      |   3 | 0.590 | 0.691 | 1.170 | 0.750
  713 | St. Norbert          |   3 | 0.590 | 0.676 | 1.144 | 0.771
  714 | Wilmington (DE)      |   2 | 0.588 | 0.854 | 1.453 | 0.910
  715 | Denison              |   3 | 0.587 | 0.785 | 1.337 | 0.815
  716 | Salem St.            |   3 | 0.587 | 0.779 | 1.327 | 0.811
  717 | Felician             |   2 | 0.587 | 0.753 | 1.283 | 0.878
  718 | Westminster (MO)     |   3 | 0.587 | 0.789 | 1.344 | 0.806
  719 | Wis. Lutheran        |   3 | 0.586 | 0.709 | 1.210 | 0.784
  720 | Johnson C. Smith     |   2 | 0.586 | 0.677 | 1.154 | 0.845
  721 | N.M. Highlands       |   2 | 0.586 | 0.767 | 1.308 | 0.848
  722 | Rose-Hulman          |   3 | 0.585 | 0.698 | 1.192 | 0.723
  723 | Allegheny            |   3 | 0.585 | 0.740 | 1.265 | 0.724
  724 | Carroll (WI)         |   3 | 0.584 | 0.708 | 1.213 | 0.790
  725 | Elmhurst             |   3 | 0.584 | 0.721 | 1.234 | 0.586
  726 | St. Vincent          |   3 | 0.584 | 0.750 | 1.284 | 0.741
  727 | North Park           |   3 | 0.583 | 0.810 | 1.390 | 0.688
  728 | Chapman              |   3 | 0.583 | 0.806 | 1.383 | 0.727
  729 | Claflin              |   2 | 0.582 | 0.742 | 1.274 | 0.926
  730 | Alabama St.          |   1 | 0.582 | 0.638 | 1.095 | 1.032
  731 | LaGrange             |   3 | 0.582 | 0.957 | 1.644 | 0.790
  732 | Transylvania         |   3 | 0.582 | 0.837 | 1.438 | 0.783
  733 | Nichols              |   3 | 0.581 | 0.744 | 1.280 | 0.775
  734 | Wis.-Oshkosh         |   3 | 0.580 | 0.698 | 1.204 | 0.718
  735 | Dickinson            |   3 | 0.580 | 0.827 | 1.425 | 0.753
  736 | Tex. A&M-Kingsville  |   2 | 0.579 | 0.869 | 1.502 | 0.886
  737 | Fredonia St.         |   3 | 0.579 | 0.786 | 1.357 | 0.731
  738 | Union (NY)           |   3 | 0.578 | 0.741 | 1.282 | 0.777
  739 | Stevens Institute    |   3 | 0.578 | 0.718 | 1.242 | 0.737
  740 | Southwest Minn. St.  |   2 | 0.578 | 0.759 | 1.313 | 0.952
  741 | Minn.-Morris         |   3 | 0.577 | 0.790 | 1.369 | 0.863
  742 | Eastern Conn. St.    |   3 | 0.577 | 0.716 | 1.242 | 0.810
  743 | Augsburg             |   3 | 0.576 | 0.756 | 1.311 | 0.763
  744 | St. Benedict         |   3 | 0.576 | 0.872 | 1.514 | 0.751
  745 | Brandeis             |   3 | 0.573 | 0.711 | 1.240 | 0.786
  746 | St. Josephs (ME)     |   3 | 0.572 | 0.718 | 1.255 | 0.719
  747 | Clark (MA)           |   3 | 0.572 | 0.789 | 1.379 | 0.748
  748 | Bates                |   3 | 0.571 | 0.754 | 1.322 | 0.784
  749 | Molloy               |   2 | 0.571 | 0.869 | 1.522 | 0.854
  750 | Colby                |   3 | 0.571 | 0.696 | 1.218 | 0.752
  751 | Keene St.            |   3 | 0.570 | 0.732 | 1.286 | 0.757
  752 | Bowdoin              |   3 | 0.569 | 0.663 | 1.166 | 0.827
  753 | Centre               |   3 | 0.569 | 0.716 | 1.258 | 0.811
  754 | Va. Wesleyan         |   3 | 0.568 | 0.819 | 1.443 | 0.778
  755 | Okla. Panhandle      |   2 | 0.568 | 0.775 | 1.366 | 0.851
  756 | Frank. & Marsh.      |   3 | 0.567 | 0.719 | 1.268 | 0.741
  757 | Gettysburg           |   3 | 0.567 | 0.710 | 1.251 | 0.765
  758 | St. Josephs (IN)     |   2 | 0.567 | 0.773 | 1.363 | 0.895
  759 | Coast Guard          |   3 | 0.567 | 0.726 | 1.279 | 0.762
  760 | Alas. Fairbanks      |   2 | 0.567 | 0.856 | 1.510 | 0.893
  761 | Mass.-Dartmouth      |   3 | 0.566 | 0.740 | 1.306 | 0.770
  762 | Pacific Lutheran     |   3 | 0.566 | 0.770 | 1.361 | 0.835
  763 | Wis.-Eau Claire      |   3 | 0.564 | 0.755 | 1.340 | 0.784
  764 | Bluffton             |   3 | 0.563 | 0.750 | 1.332 | 0.705
  765 | Stephens             |   3 | 0.563 | 0.735 | 1.307 | 0.740
  766 | Alvernia             |   3 | 0.561 | 0.737 | 1.313 | 0.753
  767 | Connecticut Col.     |   3 | 0.561 | 0.665 | 1.186 | 0.748
  768 | Wittenberg           |   3 | 0.561 | 0.676 | 1.203 | 0.777
  769 | Trine                |   3 | 0.561 | 0.736 | 1.313 | 0.780
  770 | Neumann              |   3 | 0.560 | 0.834 | 1.489 | 0.775
  771 | Chowan               |   2 | 0.560 | 0.675 | 1.205 | 0.828
  772 | Wis.-Platteville     |   3 | 0.560 | 0.723 | 1.291 | 0.804
  773 | Southwestern (TX)    |   3 | 0.560 | 0.817 | 1.460 | 0.748
  774 | Cal St. Stanislaus   |   2 | 0.559 | 0.854 | 1.528 | 0.863
  775 | Norwich              |   3 | 0.559 | 0.736 | 1.318 | 0.736
  776 | Western N.M.         |   2 | 0.559 | 0.717 | 1.283 | 0.892
  777 | North Central (IL)   |   3 | 0.558 | 0.975 | 1.747 | 0.769
  778 | Rust                 |   3 | 0.558 | 0.716 | 1.284 | 0.758
  779 | Buffalo St.          |   3 | 0.558 | 0.737 | 1.319 | 0.737
  780 | Hood                 |   3 | 0.556 | 0.724 | 1.304 | 0.750
  781 | Ramapo               |   3 | 0.553 | 0.694 | 1.255 | 0.644
  782 | Washington Col.      |   3 | 0.553 | 0.702 | 1.270 | 0.758
  783 | Erskine              |   2 | 0.553 | 0.802 | 1.449 | 0.869
  784 | St. Joseph (CT)      |   3 | 0.553 | 0.775 | 1.400 | 0.826
  785 | Fitchburg St.        |   3 | 0.552 | 0.798 | 1.446 | 0.818
  786 | Wilkes               |   3 | 0.551 | 0.650 | 1.180 | 0.765
  787 | Puget Sound          |   3 | 0.551 | 0.749 | 1.360 | 0.867
  788 | Wilmington (OH)      |   3 | 0.550 | 0.722 | 1.314 | 0.787
  789 | Cal Lutheran         |   3 | 0.550 | 0.741 | 1.348 | 0.806
  790 | Millikin             |   3 | 0.549 | 0.697 | 1.270 | 0.834
  791 | East Tex. Baptist    |   3 | 0.549 | 0.718 | 1.306 | 0.741
  792 | Washington Adventist |   2 | 0.549 | 0.724 | 1.320 | 0.893
  793 | Wash. & Jeff.        |   3 | 0.548 | 0.746 | 1.361 | 0.765
  794 | Dubuque              |   3 | 0.547 | 0.762 | 1.394 | 0.708
  795 | Greensboro           |   3 | 0.546 | 0.684 | 1.252 | 0.777
  796 | Dominican (CA)       |   2 | 0.545 | 0.753 | 1.380 | 0.845
  797 | McMurry              |   2 | 0.545 | 0.698 | 1.282 | 0.886
  798 | Trinity (TX)         |   3 | 0.544 | 0.835 | 1.534 | 0.744
  799 | Adrian               |   3 | 0.544 | 0.727 | 1.336 | 0.785
  800 | Albright             |   3 | 0.544 | 0.747 | 1.373 | 0.728
  801 | Chicago              |   3 | 0.544 | 0.699 | 1.284 | 0.819
  802 | Huntingdon           |   3 | 0.542 | 0.815 | 1.504 | 0.813
  803 | Johnson & Wales (RI) |   3 | 0.542 | 0.705 | 1.300 | 0.801
  804 | Lancaster Bible      |   3 | 0.541 | 0.742 | 1.372 | 0.720
  805 | Framingham St.       |   3 | 0.541 | 0.780 | 1.440 | 0.790
  806 | Heidelberg           |   3 | 0.541 | 0.777 | 1.437 | 0.758
  807 | Westfield St.        |   3 | 0.541 | 0.618 | 1.142 | 0.750
  808 | Marietta             |   3 | 0.538 | 0.738 | 1.373 | 0.755
  809 | Austin               |   3 | 0.538 | 0.678 | 1.261 | 0.751
  810 | Elmira               |   3 | 0.538 | 0.724 | 1.345 | 0.712
  811 | Stevenson            |   3 | 0.535 | 0.669 | 1.251 | 0.735
  812 | Mt. St. Vincent      |   3 | 0.534 | 0.677 | 1.267 | 0.648
  813 | Waynesburg           |   3 | 0.533 | 0.776 | 1.455 | 0.749
  814 | Schreiner            |   3 | 0.533 | 0.686 | 1.286 | 0.794
  815 | New England Col.     |   3 | 0.533 | 0.764 | 1.435 | 0.651
  816 | Chaminade            |   2 | 0.532 | 0.752 | 1.412 | 0.877
  817 | Worcester St.        |   3 | 0.532 | 0.702 | 1.318 | 0.747
  818 | Hardin-Simmons       |   3 | 0.531 | 0.727 | 1.370 | 0.774
  819 | Lake Forest          |   3 | 0.531 | 0.708 | 1.334 | 0.762
  820 | SUNY Cortland        |   3 | 0.530 | 0.683 | 1.288 | 0.787
  821 | Southern Ark.        |   2 | 0.530 | 0.728 | 1.374 | 0.812
  822 | Muskingum            |   3 | 0.530 | 0.800 | 1.507 | 0.744
  823 | Western St.          |   2 | 0.530 | 0.621 | 1.171 | 0.884
  824 | Illinois Col.        |   3 | 0.530 | 0.747 | 1.409 | 0.723
  825 | St. Marys (IN)       |   3 | 0.528 | 0.766 | 1.451 | 0.806
  826 | P.R.-Mayaguez        |   2 | 0.527 | 0.701 | 1.329 | 0.893
  827 | New Jersey City      |   3 | 0.527 | 0.714 | 1.355 | 0.724
  828 | Eureka               |   3 | 0.527 | 0.831 | 1.575 | 0.736
  829 | Rosemont             |   3 | 0.527 | 0.818 | 1.552 | 0.760
  830 | Northwestern (MN)    |   3 | 0.527 | 0.731 | 1.388 | 0.757
  831 | Wis.-Stout           |   3 | 0.526 | 0.837 | 1.591 | 0.776
  832 | Maranatha Baptist    |   3 | 0.526 | 0.721 | 1.371 | 0.694
  833 | Springfield          |   3 | 0.526 | 0.637 | 1.212 | 0.816
  834 | Bethel (MN)          |   3 | 0.526 | 0.631 | 1.198 | 0.821
  835 | Bridgewater (VA)     |   3 | 0.525 | 0.725 | 1.382 | 0.768
  836 | Mercy                |   2 | 0.523 | 0.783 | 1.497 | 0.913
  837 | Utica                |   3 | 0.523 | 0.702 | 1.340 | 0.754
  838 | Redlands             |   3 | 0.523 | 0.732 | 1.399 | 0.705
  839 | Defiance             |   3 | 0.523 | 0.717 | 1.371 | 0.816
  840 | Notre Dame de Namur  |   2 | 0.519 | 0.646 | 1.244 | 0.899
  841 | Kean                 |   3 | 0.518 | 0.775 | 1.496 | 0.825
  842 | Neb. Wesleyan        |   3 | 0.518 | 0.686 | 1.324 | 0.774
  843 | Ozarks (AR)          |   3 | 0.517 | 0.762 | 1.472 | 0.756
  844 | La Verne             |   3 | 0.515 | 0.625 | 1.213 | 0.728
  845 | Sewanee              |   3 | 0.514 | 0.619 | 1.204 | 0.805
  846 | Texas-Tyler          |   3 | 0.513 | 0.709 | 1.382 | 0.860
  847 | Rutgers-Camden       |   3 | 0.512 | 0.739 | 1.442 | 0.695
  848 | Randolph-Macon       |   3 | 0.512 | 0.797 | 1.556 | 0.832
  849 | Baruch               |   3 | 0.511 | 0.720 | 1.409 | 0.686
  850 | Hamline              |   3 | 0.511 | 0.669 | 1.310 | 0.806
  851 | Delaware Valley      |   3 | 0.511 | 0.740 | 1.448 | 0.770
  852 | Mount Holyoke        |   3 | 0.511 | 0.644 | 1.258 | 0.824
  853 | McDaniel             |   3 | 0.511 | 0.791 | 1.548 | 0.779
  854 | N.C. Wesleyan        |   3 | 0.510 | 0.772 | 1.512 | 0.783
  855 | Salem                |   3 | 0.510 | 0.745 | 1.460 | 0.728
  856 | Alma                 |   3 | 0.510 | 0.679 | 1.331 | 0.777
  857 | Nyack                |   2 | 0.509 | 0.699 | 1.373 | 0.885
  858 | Carleton             |   3 | 0.509 | 0.779 | 1.532 | 0.746
  859 | Arcadia              |   3 | 0.508 | 0.777 | 1.528 | 0.698
  860 | Eastern N.M.         |   2 | 0.507 | 0.618 | 1.218 | 0.849
  861 | Rutgers-Newark       |   3 | 0.507 | 0.687 | 1.355 | 0.676
  862 | Elizabethtown        |   3 | 0.507 | 0.733 | 1.446 | 0.795
  863 | Buena Vista          |   3 | 0.506 | 0.757 | 1.496 | 0.750
  864 | Wentworth Inst.      |   3 | 0.506 | 0.592 | 1.171 | 0.760
  865 | Farmingdale St.      |   3 | 0.505 | 0.636 | 1.258 | 0.769
  866 | Agnes Scott          |   3 | 0.505 | 0.648 | 1.283 | 0.755
  867 | Augustana (IL)       |   3 | 0.502 | 0.721 | 1.436 | 0.735
  868 | Eastern              |   3 | 0.502 | 0.702 | 1.398 | 0.808
  869 | Wash. & Lee          |   3 | 0.502 | 0.564 | 1.122 | 0.742
  870 | Thiel                |   3 | 0.501 | 0.795 | 1.587 | 0.816
  871 | Keystone             |   3 | 0.501 | 0.761 | 1.520 | 0.697
  872 | Marywood             |   3 | 0.501 | 0.671 | 1.339 | 0.788
  873 | Alverno              |   3 | 0.500 | 0.672 | 1.345 | 0.725
  874 | St. John Fisher      |   3 | 0.499 | 0.777 | 1.556 | 0.749
  875 | Mt. St. Mary (NY)    |   3 | 0.499 | 0.632 | 1.266 | 0.751
  876 | Grove City           |   3 | 0.498 | 0.665 | 1.336 | 0.758
  877 | Brockport            |   3 | 0.497 | 0.649 | 1.307 | 0.721
  878 | Johns Hopkins        |   3 | 0.495 | 0.648 | 1.309 | 0.731
  879 | Immaculata           |   3 | 0.494 | 0.656 | 1.329 | 0.663
  880 | Mary Hardin-Baylor   |   3 | 0.494 | 0.756 | 1.531 | 0.787
  881 | Millsaps             |   3 | 0.494 | 0.630 | 1.276 | 0.801
  882 | Salisbury            |   3 | 0.493 | 0.709 | 1.439 | 0.777
  883 | Me.-Farmington       |   3 | 0.492 | 0.659 | 1.339 | 0.777
  884 | Bethany Lutheran     |   3 | 0.491 | 0.741 | 1.507 | 0.805
  885 | Occidental           |   3 | 0.491 | 0.652 | 1.329 | 0.728
  886 | Coe                  |   3 | 0.491 | 0.654 | 1.331 | 0.795
  887 | Rivier               |   3 | 0.491 | 0.806 | 1.641 | 0.757
  888 | Texas Lutheran       |   3 | 0.490 | 0.731 | 1.493 | 0.784
  889 | Lycoming             |   3 | 0.488 | 0.668 | 1.370 | 0.793
  890 | Peace                |   3 | 0.488 | 0.707 | 1.448 | 0.774
  891 | Emory & Henry        |   3 | 0.487 | 0.795 | 1.632 | 0.724
  892 | Oglethorpe           |   3 | 0.486 | 0.752 | 1.547 | 0.714
  893 | Nazareth             |   3 | 0.485 | 0.657 | 1.353 | 0.772
  894 | Rowan                |   3 | 0.485 | 0.676 | 1.395 | 0.779
  895 | Ripon                |   3 | 0.484 | 0.584 | 1.206 | 0.759
  896 | Ohio Wesleyan        |   3 | 0.484 | 0.653 | 1.350 | 0.788
  897 | MacMurray            |   3 | 0.484 | 0.635 | 1.310 | 0.748
  898 | Albion               |   3 | 0.484 | 0.681 | 1.408 | 0.793
  899 | Mt. Aloysius         |   3 | 0.482 | 0.690 | 1.429 | 0.709
  900 | Fontbonne            |   3 | 0.482 | 0.697 | 1.446 | 0.774
  901 | Emerson              |   3 | 0.482 | 0.692 | 1.437 | 0.755
  902 | Penn St.-Behrend     |   3 | 0.480 | 0.682 | 1.420 | 0.716
  903 | St. Lawrence         |   3 | 0.480 | 0.731 | 1.524 | 0.798
  904 | Dallas               |   3 | 0.479 | 0.749 | 1.565 | 0.704
  905 | St. Josephs (L.I.)   |   3 | 0.479 | 0.728 | 1.519 | 0.701
  906 | St. Josephs (Brkln)  |   3 | 0.478 | 0.664 | 1.389 | 0.750
  907 | Concordia (WI)       |   3 | 0.477 | 0.696 | 1.457 | 0.727
  908 | Willamette           |   3 | 0.477 | 0.641 | 1.345 | 0.851
  909 | Webster              |   3 | 0.476 | 0.677 | 1.422 | 0.759
  910 | Benedictine (IL)     |   3 | 0.476 | 0.681 | 1.429 | 0.741
  911 | Meredith             |   3 | 0.476 | 0.716 | 1.505 | 0.795
  912 | Keuka                |   3 | 0.475 | 0.726 | 1.528 | 0.701
  913 | Rochester Inst.      |   3 | 0.474 | 0.717 | 1.513 | 0.844
  914 | Mansfield            |   2 | 0.473 | 0.705 | 1.490 | 0.863
  915 | LeTourneau           |   3 | 0.473 | 0.739 | 1.562 | 0.755
  916 | Skidmore             |   3 | 0.471 | 0.611 | 1.299 | 0.853
  917 | Westminster (PA)     |   3 | 0.470 | 0.602 | 1.282 | 0.741
  918 | Oberlin              |   3 | 0.470 | 0.603 | 1.284 | 0.731
  919 | Central (IA)         |   3 | 0.469 | 0.712 | 1.518 | 0.673
  920 | Merchant Marine      |   3 | 0.469 | 0.736 | 1.568 | 0.654
  921 | William Smith        |   3 | 0.469 | 0.689 | 1.469 | 0.760
  922 | Alfred               |   3 | 0.468 | 0.678 | 1.448 | 0.667
  923 | Lincoln Christian    |   3 | 0.467 | 0.657 | 1.408 | 0.801
  924 | Roanoke              |   3 | 0.467 | 0.616 | 1.321 | 0.778
  925 | LeMoyne-Owen         |   2 | 0.467 | 0.640 | 1.371 | 0.815
  926 | Maine Maritime       |   3 | 0.466 | 0.635 | 1.364 | 0.841
  927 | La Sierra            |   3 | 0.464 | 0.706 | 1.522 | 0.690
  928 | Bethany (WV)         |   3 | 0.464 | 0.610 | 1.312 | 0.786
  929 | Concordia (TX)       |   3 | 0.461 | 0.730 | 1.584 | 0.808
  930 | DYouville            |   3 | 0.461 | 0.692 | 1.499 | 0.745
  931 | Drew                 |   3 | 0.461 | 0.640 | 1.389 | 0.754
  932 | Wooster              |   3 | 0.460 | 0.670 | 1.455 | 0.740
  933 | Old Westbury         |   3 | 0.459 | 0.663 | 1.444 | 0.742
  934 | Shenandoah           |   3 | 0.458 | 0.691 | 1.509 | 0.759
  935 | Frostburg St.        |   3 | 0.458 | 0.671 | 1.466 | 0.709
  936 | Pitt.-Bradford       |   3 | 0.458 | 0.590 | 1.289 | 0.667
  937 | North Central (MN)   |   3 | 0.457 | 0.669 | 1.465 | 0.702
  938 | Anderson (IN)        |   3 | 0.457 | 0.677 | 1.484 | 0.768
  939 | Stillman             |   2 | 0.456 | 0.601 | 1.318 | 0.871
  940 | Bard                 |   3 | 0.456 | 0.637 | 1.397 | 0.623
  941 | John Jay             |   3 | 0.455 | 0.639 | 1.403 | 0.677
  942 | Earlham              |   3 | 0.454 | 0.641 | 1.414 | 0.753
  943 | Lasell               |   3 | 0.453 | 0.638 | 1.409 | 0.751
  944 | Mt. St. Joseph       |   3 | 0.450 | 0.579 | 1.288 | 0.776
  945 | Lakeland             |   3 | 0.449 | 0.620 | 1.382 | 0.738
  946 | Manchester           |   3 | 0.448 | 0.570 | 1.273 | 0.824
  947 | P.R.-Rio Piedras     |   2 | 0.448 | 0.604 | 1.348 | 0.893
  948 | Averett              |   3 | 0.447 | 0.615 | 1.375 | 0.777
  949 | Grinnell             |   3 | 0.443 | 0.661 | 1.492 | 0.686
  950 | Finlandia            |   3 | 0.443 | 0.702 | 1.584 | 0.734
  951 | Clarkson             |   3 | 0.442 | 0.649 | 1.469 | 0.761
  952 | Mass. Liberal Arts   |   3 | 0.441 | 0.715 | 1.623 | 0.708
  953 | Macalester           |   3 | 0.440 | 0.605 | 1.375 | 0.728
  954 | Birmingham-So.       |   3 | 0.439 | 0.578 | 1.315 | 0.789
  955 | Gordon               |   3 | 0.438 | 0.575 | 1.312 | 0.752
  956 | Randolph             |   3 | 0.438 | 0.606 | 1.384 | 0.733
  957 | Susquehanna          |   3 | 0.438 | 0.673 | 1.535 | 0.744
  958 | SUNYIT               |   3 | 0.438 | 0.704 | 1.608 | 0.772
  959 | Whittier             |   3 | 0.438 | 0.619 | 1.414 | 0.717
  960 | Hiram                |   3 | 0.436 | 0.545 | 1.251 | 0.809
  961 | Sage Colleges        |   3 | 0.436 | 0.633 | 1.452 | 0.777
  962 | Goucher              |   3 | 0.434 | 0.595 | 1.371 | 0.764
  963 | Centenary (LA)       |   3 | 0.434 | 0.627 | 1.445 | 0.920
  964 | Hollins              |   3 | 0.434 | 0.650 | 1.498 | 0.667
  965 | Cincinnati-Clermont  |   3 | 0.433 | 0.673 | 1.554 | 0.771
  966 | Martin Luther        |   3 | 0.432 | 0.612 | 1.417 | 0.785
  967 | Hendrix              |   3 | 0.430 | 0.689 | 1.604 | 0.798
  968 | Wesley               |   3 | 0.427 | 0.609 | 1.426 | 0.672
  969 | Claremont-M-S        |   3 | 0.426 | 0.575 | 1.351 | 0.774
  970 | Gallaudet            |   3 | 0.426 | 0.583 | 1.368 | 0.541
  971 | Aurora               |   3 | 0.424 | 0.629 | 1.484 | 0.753
  972 | St. Scholastica      |   3 | 0.423 | 0.691 | 1.633 | 0.790
  973 | Plymouth St.         |   3 | 0.420 | 0.678 | 1.616 | 0.771
  974 | Edgewood             |   3 | 0.420 | 0.645 | 1.537 | 0.767
  975 | Daniel Webster       |   3 | 0.420 | 0.619 | 1.472 | 0.731
  976 | Lyndon St.           |   3 | 0.417 | 0.598 | 1.435 | 0.718
  977 | SUNY Potsdam         |   3 | 0.417 | 0.606 | 1.452 | 0.714
  978 | Linfield             |   3 | 0.417 | 0.595 | 1.426 | 0.727
  979 | Converse             |   2 | 0.416 | 0.543 | 1.306 | 0.943
  980 | Lawrence             |   3 | 0.416 | 0.638 | 1.534 | 0.712
  981 | Polytechnic (NY)     |   3 | 0.413 | 0.622 | 1.505 | 0.775
  982 | Staten Island        |   3 | 0.412 | 0.642 | 1.557 | 0.670
  983 | Cobleskill St.       |   3 | 0.412 | 0.610 | 1.483 | 0.733
  984 | Concordia Chicago    |   3 | 0.411 | 0.566 | 1.376 | 0.793
  985 | Colorado Col.        |   3 | 0.410 | 0.631 | 1.540 | 0.781
  986 | Pitt.-Greensburg     |   3 | 0.408 | 0.697 | 1.708 | 0.680
  987 | Pomona-Pitzer        |   3 | 0.407 | 0.595 | 1.460 | 0.793
  988 | Beloit               |   3 | 0.406 | 0.699 | 1.720 | 0.748
  989 | Penn St.-Harrisburg  |   3 | 0.403 | 0.636 | 1.576 | 0.690
  990 | Franciscan           |   3 | 0.403 | 0.568 | 1.407 | 0.715
  991 | Medaille             |   3 | 0.402 | 0.621 | 1.544 | 0.636
  992 | Kalamazoo            |   3 | 0.400 | 0.611 | 1.530 | 0.794
  993 | St. Catherine        |   3 | 0.399 | 0.614 | 1.540 | 0.743
  994 | Elms                 |   3 | 0.397 | 0.655 | 1.653 | 0.725
  995 | Wells                |   3 | 0.392 | 0.614 | 1.566 | 0.719
  996 | Bay Path             |   3 | 0.391 | 0.637 | 1.632 | 0.698
  997 | Lehman               |   3 | 0.391 | 0.549 | 1.405 | 0.669
  998 | St. Elizabeth        |   3 | 0.390 | 0.566 | 1.453 | 0.800
  999 | Trinity (DC)         |   3 | 0.390 | 0.578 | 1.484 | 0.630
 1000 | Pine Manor           |   3 | 0.388 | 0.729 | 1.879 | 0.657
 1001 | Centenary (NJ)       |   3 | 0.386 | 0.581 | 1.505 | 0.802
 1002 | Johnson St.          |   3 | 0.380 | 0.613 | 1.611 | 0.721
 1003 | Chatham              |   3 | 0.378 | 0.649 | 1.719 | 0.743
 1004 | Knox                 |   3 | 0.377 | 0.709 | 1.880 | 0.740
 1005 | Purchase St.         |   3 | 0.376 | 0.531 | 1.413 | 0.782
 1006 | Principia            |   3 | 0.376 | 0.546 | 1.450 | 0.801
 1007 | Newbury              |   3 | 0.376 | 0.591 | 1.574 | 0.684
 1008 | Wilson               |   3 | 0.376 | 0.586 | 1.560 | 0.595
 1009 | Dominican (IL)       |   3 | 0.376 | 0.608 | 1.616 | 0.721
 1010 | Spelman              |   3 | 0.374 | 0.569 | 1.523 | 0.815
 1011 | Marian (WI)          |   3 | 0.373 | 0.537 | 1.441 | 0.761
 1012 | Lane                 |   2 | 0.371 | 0.498 | 1.343 | 0.863
 1013 | Rockford             |   3 | 0.370 | 0.599 | 1.621 | 0.688
 1014 | Hunter               |   3 | 0.370 | 0.578 | 1.561 | 0.697
 1015 | Penn St.-Abington    |   3 | 0.369 | 0.645 | 1.748 | 0.784
 1016 | Thomas (ME)          |   3 | 0.367 | 0.583 | 1.587 | 0.748
 1017 | Cheyney              |   2 | 0.367 | 0.559 | 1.523 | 0.908
 1018 | Mount Ida            |   3 | 0.361 | 0.612 | 1.693 | 0.653
 1019 | Anna Maria           |   3 | 0.361 | 0.586 | 1.622 | 0.687
 1020 | Green Mountain       |   3 | 0.354 | 0.667 | 1.883 | 0.678
 1021 | Geneva               |   3 | 0.354 | 0.542 | 1.534 | 0.683
 1022 | Sul Ross St.         |   3 | 0.350 | 0.614 | 1.756 | 0.890
 1023 | Morrisville St.      |   3 | 0.349 | 0.521 | 1.492 | 0.746
 1024 | CCNY                 |   3 | 0.343 | 0.566 | 1.648 | 0.768
 1025 | Hilbert              |   3 | 0.342 | 0.575 | 1.680 | 0.685
 1026 | Simmons              |   3 | 0.341 | 0.470 | 1.379 | 0.788
 1027 | Mitchell             |   3 | 0.341 | 0.586 | 1.719 | 0.780
 1028 | Blackburn            |   3 | 0.332 | 0.524 | 1.578 | 0.811
 1029 | Phila. Biblical      |   3 | 0.331 | 0.555 | 1.677 | 0.795
 1030 | Baptist Bible (PA)   |   3 | 0.327 | 0.511 | 1.566 | 0.717
 1031 | Cazenovia            |   3 | 0.319 | 0.554 | 1.737 | 0.722
 1032 | Bryn Mawr            |   3 | 0.319 | 0.482 | 1.509 | 0.719
 1033 | New Rochelle         |   3 | 0.318 | 0.524 | 1.648 | 0.699
 1034 | Crown (MN)           |   3 | 0.316 | 0.543 | 1.715 | 0.738
 1035 | Northland            |   3 | 0.313 | 0.463 | 1.480 | 0.809
 1036 | Becker               |   3 | 0.312 | 0.515 | 1.654 | 0.745
 1037 | Southern Vt.         |   3 | 0.300 | 0.481 | 1.606 | 0.740
 1038 | Penn St.-Altoona     |   3 | 0.297 | 0.501 | 1.690 | 0.748
 1039 | Husson               |   3 | 0.295 | 0.507 | 1.718 | 0.784
 1040 | Milwaukee Engr.      |   3 | 0.292 | 0.517 | 1.771 | 0.748
 1041 | Yeshiva              |   3 | 0.290 | 0.549 | 1.890 | 0.704
 1042 | Cedar Crest          |   3 | 0.288 | 0.531 | 1.846 | 0.658
 1043 | Penn St.-Berks       |   3 | 0.287 | 0.484 | 1.688 | 0.756
 1044 | Lesley               |   3 | 0.280 | 0.447 | 1.596 | 0.737
 1045 | Wesleyan (GA)        |   3 | 0.266 | 0.436 | 1.640 | 0.731
 1046 | Caltech              |   3 | 0.245 | 0.435 | 1.778 | 0.766
 1047 | York (NY)            |   3 | 0.243 | 0.417 | 1.714 | 0.696
 1048 | Notre Dame (MD)      |   3 | 0.220 | 0.432 | 1.961 | 0.654
 1049 | Wheelock             |   3 | 0.184 | 0.311 | 1.695 | 0.747
 1050 | Mary Baldwin         |   3 | 0.183 | 0.340 | 1.854 | 0.729
 1051 | Medgar Evers         |   3 | 0.093 | 0.159 | 1.711 | 0.735
(1051 rows)

COMMIT
