BEGIN
CREATE TABLE
INSERT 0 1072
  rk  |        school        | div |  str  |  ofs  |  dfs  |  sos  
------+----------------------+-----+-------+-------+-------+-------
    1 | Connecticut          |   1 | 2.175 | 1.464 | 0.673 | 1.113
    2 | Stanford             |   1 | 1.775 | 1.369 | 0.771 | 1.111
    3 | Tennessee            |   1 | 1.629 | 1.308 | 0.803 | 1.109
    4 | Nebraska             |   1 | 1.610 | 1.336 | 0.830 | 1.084
    5 | Duke                 |   1 | 1.599 | 1.217 | 0.761 | 1.091
    6 | LSU                  |   1 | 1.585 | 1.144 | 0.722 | 1.068
    7 | Baylor               |   1 | 1.540 | 1.198 | 0.778 | 1.098
    8 | Notre Dame           |   1 | 1.527 | 1.365 | 0.894 | 1.101
    9 | Texas A&M            |   1 | 1.520 | 1.276 | 0.840 | 1.105
   10 | Ohio St.             |   1 | 1.484 | 1.354 | 0.912 | 1.073
   11 | Gonzaga              |   1 | 1.463 | 1.291 | 0.882 | 1.031
   12 | Florida St.          |   1 | 1.454 | 1.260 | 0.866 | 1.078
   13 | West Virginia        |   1 | 1.452 | 1.105 | 0.761 | 1.069
   14 | Xavier               |   1 | 1.445 | 1.252 | 0.867 | 1.067
   15 | UCLA                 |   1 | 1.439 | 1.163 | 0.808 | 1.089
   16 | Kentucky             |   1 | 1.436 | 1.237 | 0.862 | 1.073
   17 | Iowa St.             |   1 | 1.427 | 1.101 | 0.771 | 1.069
   18 | Texas                |   1 | 1.423 | 1.260 | 0.886 | 1.104
   19 | St. Johns (NY)       |   1 | 1.394 | 1.191 | 0.854 | 1.066
   20 | Michigan St.         |   1 | 1.393 | 1.179 | 0.846 | 1.098
   21 | Georgetown           |   1 | 1.377 | 1.165 | 0.846 | 1.066
   22 | Oklahoma             |   1 | 1.366 | 1.266 | 0.926 | 1.126
   23 | Dayton               |   1 | 1.336 | 1.194 | 0.894 | 1.044
   24 | Mississippi St.      |   1 | 1.333 | 1.152 | 0.864 | 1.078
   25 | Wisconsin            |   1 | 1.331 | 1.048 | 0.788 | 1.082
   26 | Oklahoma St.         |   1 | 1.329 | 1.247 | 0.938 | 1.090
   27 | Syracuse             |   1 | 1.329 | 1.221 | 0.919 | 1.044
   28 | Michigan             |   1 | 1.328 | 1.132 | 0.853 | 1.088
   29 | Georgia              |   1 | 1.318 | 1.056 | 0.801 | 1.069
   30 | Vanderbilt           |   1 | 1.315 | 1.181 | 0.898 | 1.087
   31 | Princeton            |   1 | 1.309 | 1.139 | 0.870 | 0.977
   32 | TCU                  |   1 | 1.305 | 1.184 | 0.907 | 1.032
   33 | Virginia             |   1 | 1.303 | 1.183 | 0.908 | 1.077
   34 | North Carolina       |   1 | 1.299 | 1.264 | 0.973 | 1.057
   35 | Mississippi          |   1 | 1.296 | 1.208 | 0.932 | 1.063
   36 | Georgia Tech         |   1 | 1.292 | 1.107 | 0.857 | 1.054
   37 | Hartford             |   1 | 1.286 | 1.020 | 0.793 | 1.014
   38 | Middle Tenn.         |   1 | 1.284 | 1.259 | 0.981 | 1.015
   39 | Green Bay            |   1 | 1.280 | 1.153 | 0.901 | 0.999
   40 | Miami (FL)           |   1 | 1.279 | 1.234 | 0.964 | 1.057
   41 | Fresno St.           |   1 | 1.276 | 1.150 | 0.901 | 1.022
   42 | Kansas               |   1 | 1.271 | 1.162 | 0.914 | 1.099
   43 | California           |   1 | 1.268 | 1.118 | 0.882 | 1.085
   44 | DePaul               |   1 | 1.267 | 1.186 | 0.936 | 1.084
   45 | Rutgers              |   1 | 1.266 | 1.006 | 0.794 | 1.105
   46 | St. Bonaventure      |   1 | 1.265 | 1.052 | 0.832 | 1.016
   47 | Iowa                 |   1 | 1.261 | 1.211 | 0.960 | 1.098
   48 | Southern California  |   1 | 1.257 | 1.128 | 0.898 | 1.103
   49 | Temple               |   1 | 1.255 | 1.061 | 0.845 | 1.053
   50 | Oregon               |   1 | 1.252 | 1.425 | 1.138 | 1.070
   51 | South Carolina       |   1 | 1.249 | 1.134 | 0.908 | 1.103
   52 | Boston College       |   1 | 1.248 | 1.198 | 0.960 | 1.082
   53 | Maryland             |   1 | 1.247 | 1.147 | 0.920 | 1.060
   54 | Marquette            |   1 | 1.245 | 1.078 | 0.866 | 1.083
   55 | Arizona St.          |   1 | 1.244 | 1.059 | 0.851 | 1.076
   56 | Vermont              |   1 | 1.244 | 1.087 | 0.874 | 1.026
   57 | Bowling Green        |   1 | 1.238 | 1.170 | 0.945 | 1.009
   58 | San Diego St.        |   1 | 1.237 | 1.073 | 0.867 | 1.059
   59 | Illinois             |   1 | 1.231 | 1.051 | 0.854 | 1.083
   60 | Minnesota            |   1 | 1.226 | 1.079 | 0.880 | 1.087
   61 | UALR                 |   1 | 1.226 | 1.008 | 0.822 | 0.994
   62 | Liberty              |   1 | 1.224 | 0.994 | 0.812 | 0.951
   63 | Wyoming              |   1 | 1.211 | 1.065 | 0.880 | 1.025
   64 | North Carolina St.   |   1 | 1.208 | 1.102 | 0.912 | 1.082
   65 | Texas Tech           |   1 | 1.206 | 1.086 | 0.901 | 1.073
   66 | Purdue               |   1 | 1.203 | 1.034 | 0.859 | 1.082
   67 | Illinois St.         |   1 | 1.202 | 1.127 | 0.937 | 1.031
   68 | Missouri             |   1 | 1.199 | 1.032 | 0.860 | 1.080
   69 | Indiana              |   1 | 1.199 | 1.150 | 0.959 | 1.080
   70 | Pittsburgh           |   1 | 1.198 | 1.161 | 0.969 | 1.055
   71 | Auburn               |   1 | 1.191 | 1.076 | 0.903 | 1.083
   72 | New Mexico           |   1 | 1.191 | 1.056 | 0.887 | 1.043
   73 | Providence           |   1 | 1.189 | 1.122 | 0.944 | 1.070
   74 | Penn St.             |   1 | 1.189 | 1.129 | 0.950 | 1.072
   75 | James Madison        |   1 | 1.188 | 1.177 | 0.990 | 1.021
   76 | Louisville           |   1 | 1.187 | 1.161 | 0.978 | 1.082
   77 | Creighton            |   1 | 1.187 | 1.033 | 0.870 | 1.030
   78 | Wake Forest          |   1 | 1.185 | 1.019 | 0.859 | 1.047
   79 | Tulane               |   1 | 1.180 | 1.107 | 0.938 | 1.011
   80 | Butler               |   1 | 1.171 | 1.094 | 0.934 | 1.009
   81 | Louisiana Tech       |   1 | 1.171 | 1.177 | 1.005 | 1.007
   82 | Marist               |   1 | 1.168 | 1.105 | 0.946 | 1.006
   83 | Kansas St.           |   1 | 1.165 | 1.038 | 0.891 | 1.085
   84 | South Fla.           |   1 | 1.161 | 1.067 | 0.919 | 1.058
   85 | BYU                  |   1 | 1.161 | 1.057 | 0.910 | 1.019
   86 | Northwestern         |   1 | 1.152 | 1.060 | 0.920 | 1.072
   87 | Arizona              |   1 | 1.149 | 1.107 | 0.964 | 1.079
   88 | VCU                  |   1 | 1.148 | 1.116 | 0.972 | 1.017
   89 | Toledo               |   1 | 1.146 | 1.105 | 0.965 | 1.015
   90 | Colorado             |   1 | 1.140 | 1.124 | 0.986 | 1.067
   91 | Florida              |   1 | 1.139 | 1.061 | 0.931 | 1.075
   92 | Virginia Tech        |   1 | 1.136 | 1.028 | 0.905 | 1.047
   93 | Utah                 |   1 | 1.135 | 0.952 | 0.839 | 1.041
   94 | Charlotte            |   1 | 1.132 | 1.019 | 0.900 | 1.031
   95 | Richmond             |   1 | 1.129 | 1.035 | 0.917 | 1.037
   96 | Arkansas             |   1 | 1.126 | 1.090 | 0.968 | 1.079
   97 | South Dakota St.     |   1 | 1.125 | 1.131 | 1.005 | 0.982
   98 | Fla. Gulf Coast      |   1 | 1.124 | 1.066 | 0.949 | 0.963
   99 | SMU                  |   1 | 1.115 | 1.100 | 0.986 | 1.017
  100 | St. Josephs          |   1 | 1.113 | 1.039 | 0.934 | 1.027
  101 | Washington           |   1 | 1.112 | 1.035 | 0.931 | 1.070
  102 | Eastern Mich.        |   1 | 1.111 | 1.105 | 0.995 | 1.009
  103 | Houston              |   1 | 1.110 | 1.128 | 1.016 | 1.024
  104 | St. Marys (CA)       |   1 | 1.106 | 1.127 | 1.019 | 1.026
  105 | Delaware             |   1 | 1.106 | 1.029 | 0.931 | 1.011
  106 | Old Dominion         |   1 | 1.106 | 1.083 | 0.979 | 1.053
  107 | UNI                  |   1 | 1.105 | 1.101 | 0.997 | 1.036
  108 | Oral Roberts         |   1 | 1.105 | 1.306 | 1.182 | 0.958
  109 | Hofstra              |   1 | 1.105 | 1.016 | 0.919 | 1.019
  110 | Lehigh               |   1 | 1.103 | 1.035 | 0.939 | 0.965
  111 | Robert Morris        |   1 | 1.103 | 1.028 | 0.933 | 0.972
  112 | Missouri St.         |   1 | 1.101 | 1.211 | 1.100 | 1.012
  113 | East Carolina        |   1 | 1.099 | 1.105 | 1.006 | 1.004
  114 | Pepperdine           |   1 | 1.097 | 1.085 | 0.988 | 1.034
  115 | Cincinnati           |   1 | 1.095 | 0.961 | 0.877 | 1.070
  116 | Western Ky.          |   1 | 1.085 | 1.077 | 0.993 | 1.010
  117 | Villanova            |   1 | 1.084 | 0.897 | 0.828 | 1.056
  118 | Indiana St.          |   1 | 1.081 | 1.018 | 0.941 | 1.004
  119 | Clemson              |   1 | 1.071 | 1.078 | 1.006 | 1.074
  120 | UC Davis             |   1 | 1.070 | 1.010 | 0.944 | 0.998
  121 | Drexel               |   1 | 1.069 | 1.004 | 0.939 | 1.023
  122 | Oregon St.           |   1 | 1.066 | 0.929 | 0.872 | 1.055
  123 | Duquesne             |   1 | 1.064 | 1.063 | 1.000 | 1.020
  124 | Michigan Tech        |   2 | 1.064 | 1.046 | 0.983 | 0.916
  125 | Gardner-Webb         |   1 | 1.064 | 1.023 | 0.961 | 0.944
  126 | Cleveland St.        |   1 | 1.062 | 1.064 | 1.002 | 1.014
  127 | Harvard              |   1 | 1.061 | 1.092 | 1.029 | 0.986
  128 | New Mexico St.       |   1 | 1.060 | 1.081 | 1.020 | 0.997
  129 | Nevada               |   1 | 1.058 | 0.994 | 0.940 | 1.019
  130 | Washington St.       |   1 | 1.057 | 1.067 | 1.010 | 1.081
  131 | American             |   1 | 1.054 | 0.956 | 0.907 | 0.963
  132 | Hampton              |   1 | 1.053 | 0.970 | 0.921 | 0.962
  133 | Georgia St.          |   1 | 1.049 | 0.942 | 0.898 | 0.997
  134 | Bradley              |   1 | 1.048 | 1.025 | 0.978 | 1.017
  135 | Columbia             |   1 | 1.048 | 1.062 | 1.014 | 0.986
  136 | Kent St.             |   1 | 1.048 | 1.042 | 0.995 | 0.999
  137 | Tulsa                |   1 | 1.046 | 1.006 | 0.961 | 1.008
  138 | San Diego            |   1 | 1.045 | 1.005 | 0.962 | 1.012
  139 | Alabama              |   1 | 1.045 | 1.053 | 1.007 | 1.040
  140 | Cal Poly             |   1 | 1.044 | 1.114 | 1.067 | 0.990
  141 | Drake                |   1 | 1.044 | 1.057 | 1.012 | 1.010
  142 | Cal St. Bakersfield  |   1 | 1.041 | 1.147 | 1.103 | 0.983
  143 | Oakland              |   1 | 1.040 | 1.039 | 0.999 | 0.966
  144 | Portland             |   1 | 1.040 | 1.072 | 1.031 | 0.998
  145 | Boston U.            |   1 | 1.039 | 1.061 | 1.021 | 1.013
  146 | Chattanooga          |   1 | 1.038 | 1.044 | 1.006 | 0.988
  147 | Akron                |   1 | 1.035 | 0.974 | 0.942 | 0.996
  148 | Samford              |   1 | 1.035 | 0.966 | 0.933 | 0.974
  149 | East Tenn. St.       |   1 | 1.034 | 1.192 | 1.154 | 0.976
  150 | Iona                 |   1 | 1.034 | 1.034 | 1.000 | 0.992
  151 | Fort Lewis           |   2 | 1.032 | 1.046 | 1.014 | 0.884
  152 | Boise St.            |   1 | 1.030 | 1.098 | 1.065 | 0.997
  153 | UCF                  |   1 | 1.030 | 1.010 | 0.981 | 1.015
  154 | Loyola Marymount     |   1 | 1.029 | 1.060 | 1.031 | 1.021
  155 | Western Wash.        |   2 | 1.028 | 1.054 | 1.025 | 0.893
  156 | Northeastern         |   1 | 1.028 | 1.060 | 1.031 | 1.028
  157 | UC Riverside         |   1 | 1.026 | 0.986 | 0.961 | 1.018
  158 | Eastern Ill.         |   1 | 1.023 | 1.041 | 1.017 | 0.952
  159 | Memphis              |   1 | 1.020 | 1.041 | 1.020 | 0.999
  160 | Ball St.             |   1 | 1.018 | 1.065 | 1.046 | 1.011
  161 | N.C. A&T             |   1 | 1.018 | 1.113 | 1.093 | 0.962
  162 | St. Louis            |   1 | 1.017 | 1.012 | 0.995 | 1.019
  163 | Prairie View         |   1 | 1.017 | 1.013 | 0.996 | 0.949
  164 | UNC Wilmington       |   1 | 1.016 | 1.002 | 0.986 | 1.010
  165 | Detroit              |   1 | 1.013 | 0.992 | 0.980 | 1.013
  166 | Colorado St.         |   1 | 1.012 | 0.999 | 0.987 | 1.023
  167 | Appalachian St.      |   1 | 1.011 | 1.043 | 1.032 | 0.985
  168 | Gannon               |   2 | 1.009 | 1.059 | 1.050 | 0.888
  169 | Sacred Heart         |   1 | 1.008 | 0.980 | 0.972 | 0.966
  170 | UC Santa Barbara     |   1 | 1.008 | 0.930 | 0.923 | 1.011
  171 | Indianapolis         |   2 | 1.004 | 1.014 | 1.010 | 0.881
  172 | Concordia-St. Paul   |   2 | 1.003 | 1.114 | 1.111 | 0.915
  173 | Lamar                |   1 | 1.002 | 1.096 | 1.093 | 0.963
  174 | Franklin Pierce      |   2 | 1.001 | 1.069 | 1.068 | 0.893
  175 | Ill.-Chicago         |   1 | 0.999 | 0.995 | 0.995 | 1.012
  176 | UTEP                 |   1 | 0.998 | 0.979 | 0.980 | 0.998
  177 | Alas. Anchorage      |   2 | 0.997 | 0.974 | 0.976 | 0.884
  178 | Central Mich.        |   1 | 0.996 | 1.141 | 1.145 | 1.016
  179 | William & Mary       |   1 | 0.996 | 0.983 | 0.986 | 1.009
  180 | Wayne St. (NE)       |   2 | 0.994 | 0.975 | 0.981 | 0.907
  181 | Long Island          |   1 | 0.992 | 1.060 | 1.069 | 0.960
  182 | UNLV                 |   1 | 0.990 | 1.008 | 1.017 | 1.039
  183 | Wright St.           |   1 | 0.989 | 0.919 | 0.930 | 1.010
  184 | Delta St.            |   2 | 0.987 | 0.949 | 0.962 | 0.877
  185 | Towson               |   1 | 0.987 | 0.924 | 0.937 | 1.014
  186 | Col. of Charleston   |   1 | 0.987 | 0.975 | 0.987 | 0.982
  187 | St. Francis (PA)     |   1 | 0.986 | 1.069 | 1.084 | 0.982
  188 | Long Beach St.       |   1 | 0.986 | 1.049 | 1.064 | 1.005
  189 | Montana              |   1 | 0.985 | 0.965 | 0.979 | 0.996
  190 | Ga. Southern         |   1 | 0.983 | 0.902 | 0.918 | 0.980
  191 | Manhattan            |   1 | 0.983 | 0.982 | 0.999 | 0.974
  192 | Portland St.         |   1 | 0.980 | 1.022 | 1.042 | 0.986
  193 | Amherst              |   3 | 0.980 | 0.955 | 0.975 | 0.810
  194 | Stephen F. Austin    |   1 | 0.980 | 1.137 | 1.160 | 0.955
  195 | Davidson             |   1 | 0.979 | 1.040 | 1.062 | 0.984
  196 | FIU                  |   1 | 0.979 | 0.949 | 0.969 | 0.997
  197 | Montana St.          |   1 | 0.978 | 1.086 | 1.111 | 0.980
  198 | Eastern Wash.        |   1 | 0.978 | 0.969 | 0.991 | 0.990
  199 | Tarleton St.         |   2 | 0.978 | 0.954 | 0.976 | 0.888
  200 | Wichita St.          |   1 | 0.977 | 0.983 | 1.006 | 1.002
  201 | Cal St. Fullerton    |   1 | 0.977 | 1.040 | 1.064 | 0.997
  202 | Emporia St.          |   2 | 0.976 | 1.060 | 1.087 | 0.916
  203 | Morehead St.         |   1 | 0.974 | 1.001 | 1.028 | 0.938
  204 | Fla. Atlantic        |   1 | 0.973 | 1.041 | 1.070 | 0.995
  205 | Rice                 |   1 | 0.971 | 1.012 | 1.042 | 1.010
  206 | Miami (OH)           |   1 | 0.970 | 1.050 | 1.082 | 1.022
  207 | UTSA                 |   1 | 0.967 | 0.949 | 0.981 | 0.960
  208 | Denver               |   1 | 0.967 | 0.976 | 1.009 | 0.978
  209 | California (PA)      |   2 | 0.966 | 1.045 | 1.082 | 0.900
  210 | Binghamton           |   1 | 0.964 | 0.983 | 1.019 | 0.999
  211 | UAB                  |   1 | 0.964 | 0.958 | 0.993 | 1.010
  212 | Massachusetts        |   1 | 0.963 | 0.978 | 1.015 | 1.022
  213 | Marshall             |   1 | 0.963 | 0.940 | 0.975 | 1.004
  214 | North Dakota St.     |   1 | 0.962 | 0.948 | 0.985 | 0.961
  215 | West Tex. A&M        |   2 | 0.962 | 1.026 | 1.066 | 0.897
  216 | Washburn             |   2 | 0.961 | 0.942 | 0.980 | 0.905
  217 | Loyola Maryland      |   1 | 0.958 | 0.984 | 1.028 | 0.977
  218 | IPFW                 |   1 | 0.957 | 0.995 | 1.040 | 0.970
  219 | Utah St.             |   1 | 0.954 | 0.926 | 0.970 | 0.994
  220 | Northern Colo.       |   1 | 0.954 | 0.965 | 1.012 | 0.983
  221 | Milwaukee            |   1 | 0.954 | 0.977 | 1.024 | 1.004
  222 | Seattle Pacific      |   2 | 0.953 | 0.913 | 0.958 | 0.907
  223 | Fairfield            |   1 | 0.952 | 0.925 | 0.972 | 0.975
  224 | Buffalo              |   1 | 0.951 | 1.010 | 1.063 | 1.006
  225 | Valparaiso           |   1 | 0.950 | 0.898 | 0.945 | 1.008
  226 | Holy Family          |   2 | 0.950 | 0.934 | 0.983 | 0.860
  227 | S.C. Upstate         |   1 | 0.948 | 1.071 | 1.130 | 0.940
  228 | Yale                 |   1 | 0.948 | 0.981 | 1.036 | 0.980
  229 | Loyola (IL)          |   1 | 0.947 | 0.967 | 1.022 | 0.988
  230 | Northern Ill.        |   1 | 0.947 | 1.027 | 1.084 | 1.005
  231 | Lander               |   2 | 0.946 | 1.091 | 1.153 | 0.900
  232 | Southern Miss.       |   1 | 0.942 | 1.005 | 1.068 | 1.013
  233 | UC Irvine            |   1 | 0.940 | 0.994 | 1.058 | 1.013
  234 | South Ala.           |   1 | 0.937 | 0.966 | 1.031 | 0.983
  235 | High Point           |   1 | 0.937 | 1.047 | 1.118 | 0.961
  236 | Navy                 |   1 | 0.936 | 0.908 | 0.970 | 0.957
  237 | Arkansas St.         |   1 | 0.936 | 1.023 | 1.093 | 0.994
  238 | Clayton St.          |   2 | 0.934 | 1.009 | 1.080 | 0.909
  239 | Northeastern St.     |   2 | 0.933 | 0.895 | 0.959 | 0.901
  240 | Francis Marion       |   2 | 0.933 | 1.184 | 1.269 | 0.892
  241 | Augustana (SD)       |   2 | 0.932 | 1.072 | 1.150 | 0.921
  242 | North Dakota         |   1 | 0.930 | 0.963 | 1.035 | 0.966
  243 | Troy                 |   1 | 0.928 | 0.961 | 1.035 | 0.973
  244 | Idaho                |   1 | 0.927 | 0.929 | 1.003 | 1.022
  245 | Seton Hall           |   1 | 0.926 | 0.870 | 0.939 | 1.059
  246 | Findlay              |   2 | 0.925 | 0.951 | 1.028 | 0.927
  247 | Tampa                |   2 | 0.925 | 0.915 | 0.989 | 0.881
  248 | Grand Valley St.     |   2 | 0.925 | 0.972 | 1.051 | 0.917
  249 | Northwest Nazarene   |   2 | 0.924 | 1.019 | 1.102 | 0.894
  250 | Ohio                 |   1 | 0.922 | 0.894 | 0.969 | 1.002
  251 | Monmouth             |   1 | 0.921 | 0.883 | 0.959 | 0.967
  252 | Canisius             |   1 | 0.920 | 0.876 | 0.953 | 0.986
  253 | Sacramento St.       |   1 | 0.920 | 1.223 | 1.330 | 0.975
  254 | Mercer               |   1 | 0.919 | 0.978 | 1.065 | 0.964
  255 | UMBC                 |   1 | 0.919 | 0.958 | 1.042 | 1.002
  256 | UC San Diego         |   2 | 0.917 | 1.022 | 1.115 | 0.885
  257 | A&M-Corpus Christi   |   1 | 0.917 | 0.988 | 1.078 | 0.957
  258 | Southern U.          |   1 | 0.917 | 0.854 | 0.932 | 0.939
  259 | Southern Ill.        |   1 | 0.917 | 0.973 | 1.060 | 1.022
  260 | George Washington    |   1 | 0.916 | 0.925 | 1.009 | 1.036
  261 | Drury                |   2 | 0.916 | 1.037 | 1.132 | 0.891
  262 | Niagara              |   1 | 0.915 | 0.945 | 1.033 | 0.993
  263 | Kean                 |   3 | 0.915 | 0.964 | 1.054 | 0.800
  264 | Hawaii               |   1 | 0.911 | 0.970 | 1.065 | 1.021
  265 | Siena                |   1 | 0.910 | 0.899 | 0.988 | 0.982
  266 | Western Caro.        |   1 | 0.907 | 0.929 | 1.024 | 0.988
  267 | Idaho St.            |   1 | 0.904 | 0.946 | 1.046 | 1.002
  268 | Arkansas Tech        |   2 | 0.903 | 1.022 | 1.132 | 0.879
  269 | George Mason         |   1 | 0.902 | 0.876 | 0.971 | 1.009
  270 | Northern Mich.       |   2 | 0.901 | 0.936 | 1.039 | 0.920
  271 | Charleston So.       |   1 | 0.900 | 1.012 | 1.125 | 0.945
  272 | UMKC                 |   1 | 0.900 | 0.969 | 1.077 | 0.959
  273 | Santa Clara          |   1 | 0.897 | 0.945 | 1.054 | 1.036
  274 | St. Peters           |   1 | 0.896 | 0.855 | 0.954 | 0.976
  275 | Morgan St.           |   1 | 0.896 | 0.950 | 1.061 | 0.929
  276 | Rhode Island         |   1 | 0.893 | 0.882 | 0.988 | 1.013
  277 | Pace                 |   2 | 0.893 | 0.926 | 1.037 | 0.881
  278 | Lenoir-Rhyne         |   2 | 0.892 | 0.991 | 1.110 | 0.910
  279 | Minn. Duluth         |   2 | 0.892 | 0.957 | 1.073 | 0.926
  280 | Dartmouth            |   1 | 0.890 | 0.835 | 0.938 | 0.999
  281 | Carson-Newman        |   2 | 0.889 | 1.051 | 1.182 | 0.898
  282 | South Dakota         |   1 | 0.888 | 0.864 | 0.973 | 0.949
  283 | Texas-Arlington      |   1 | 0.887 | 0.986 | 1.111 | 0.970
  284 | Western Mich.        |   1 | 0.887 | 0.910 | 1.026 | 1.014
  285 | Quinnipiac           |   1 | 0.887 | 0.964 | 1.087 | 0.982
  286 | Belmont              |   1 | 0.886 | 0.956 | 1.080 | 0.951
  287 | Central Ark.         |   1 | 0.885 | 1.016 | 1.148 | 0.920
  288 | La Salle             |   1 | 0.883 | 0.846 | 0.958 | 1.019
  289 | Bryant               |   1 | 0.882 | 0.978 | 1.108 | 0.959
  290 | Florida A&M          |   1 | 0.881 | 0.916 | 1.040 | 0.938
  291 | Albany (NY)          |   1 | 0.881 | 0.904 | 1.027 | 0.983
  292 | Central Conn. St.    |   1 | 0.880 | 0.917 | 1.042 | 0.957
  293 | Fordham              |   1 | 0.880 | 0.896 | 1.018 | 1.003
  294 | Stony Brook          |   1 | 0.880 | 0.917 | 1.042 | 1.004
  295 | New Hampshire        |   1 | 0.879 | 0.926 | 1.054 | 1.001
  296 | Murray St.           |   1 | 0.879 | 1.026 | 1.168 | 0.942
  297 | Stonehill            |   2 | 0.876 | 0.928 | 1.059 | 0.897
  298 | Wis.-Parkside        |   2 | 0.876 | 0.944 | 1.078 | 0.900
  299 | Weber St.            |   1 | 0.876 | 0.923 | 1.054 | 0.972
  300 | Hillsdale            |   2 | 0.875 | 1.039 | 1.188 | 0.925
  301 | Cal St. Chico        |   2 | 0.874 | 0.918 | 1.050 | 0.890
  302 | New Orleans          |   1 | 0.873 | 0.840 | 0.962 | 0.990
  303 | Mt. St. Marys        |   1 | 0.873 | 0.836 | 0.957 | 0.959
  304 | Holy Cross           |   1 | 0.872 | 0.953 | 1.093 | 0.979
  305 | Central Okla.        |   2 | 0.871 | 1.056 | 1.213 | 0.892
  306 | UNC Greensboro       |   1 | 0.870 | 0.896 | 1.030 | 0.984
  307 | Tennessee Tech       |   1 | 0.869 | 0.970 | 1.116 | 0.949
  308 | Jacksonville         |   1 | 0.868 | 0.901 | 1.038 | 0.960
  309 | Howard               |   1 | 0.867 | 0.861 | 0.993 | 0.940
  310 | Newberry             |   2 | 0.867 | 0.916 | 1.056 | 0.907
  311 | Morningside          |   2 | 0.866 | 0.970 | 1.120 | 0.789
  312 | North Florida        |   1 | 0.865 | 0.839 | 0.970 | 0.966
  313 | Rollins              |   2 | 0.865 | 0.868 | 1.003 | 0.882
  314 | Central Mo.          |   2 | 0.864 | 0.947 | 1.096 | 0.922
  315 | Northern Ariz.       |   1 | 0.863 | 0.928 | 1.076 | 0.987
  316 | Northwestern St.     |   1 | 0.863 | 0.966 | 1.119 | 0.940
  317 | Edinboro             |   2 | 0.860 | 0.980 | 1.140 | 0.870
  318 | Fairleigh Dickinson  |   1 | 0.859 | 0.895 | 1.042 | 0.972
  319 | Minn. St. Moorhead   |   2 | 0.858 | 0.982 | 1.144 | 0.918
  320 | Cal Poly Pomona      |   2 | 0.858 | 0.850 | 0.990 | 0.884
  321 | Elon                 |   1 | 0.857 | 0.984 | 1.148 | 0.951
  322 | Tusculum             |   2 | 0.857 | 1.026 | 1.197 | 0.913
  323 | Bentley              |   2 | 0.857 | 0.953 | 1.113 | 0.899
  324 | Lake Superior St.    |   2 | 0.855 | 0.918 | 1.073 | 0.923
  325 | Northern St.         |   2 | 0.853 | 0.887 | 1.040 | 0.907
  326 | Grand Canyon         |   2 | 0.852 | 0.961 | 1.128 | 0.861
  327 | Seattle              |   1 | 0.851 | 0.860 | 1.010 | 0.994
  328 | Alabama A&M          |   1 | 0.851 | 0.926 | 1.088 | 0.931
  329 | Millersville         |   2 | 0.851 | 0.828 | 0.974 | 0.862
  330 | Georgia College      |   2 | 0.847 | 0.880 | 1.039 | 0.910
  331 | Metro St.            |   2 | 0.845 | 0.846 | 1.001 | 0.878
  332 | Maine                |   1 | 0.844 | 0.868 | 1.029 | 1.002
  333 | Northwood (MI)       |   2 | 0.840 | 0.880 | 1.047 | 0.924
  334 | Pacific              |   1 | 0.840 | 0.937 | 1.116 | 0.989
  335 | Longwood             |   1 | 0.840 | 0.946 | 1.126 | 0.971
  336 | Ark.-Pine Bluff      |   1 | 0.839 | 0.986 | 1.175 | 0.971
  337 | Minn. St. Mankato    |   2 | 0.839 | 0.955 | 1.138 | 0.920
  338 | Sam Houston St.      |   1 | 0.838 | 1.054 | 1.259 | 0.963
  339 | La.-Monroe           |   1 | 0.837 | 0.897 | 1.071 | 0.966
  340 | Ill. Wesleyan        |   3 | 0.837 | 0.962 | 1.149 | 0.810
  341 | Furman               |   1 | 0.837 | 0.857 | 1.024 | 0.979
  342 | Valdosta St.         |   2 | 0.836 | 0.853 | 1.021 | 0.868
  343 | Wagner               |   1 | 0.836 | 0.944 | 1.128 | 0.965
  344 | SIU Edwardsville     |   1 | 0.834 | 0.884 | 1.060 | 0.987
  345 | Fort Valley St.      |   2 | 0.834 | 0.872 | 1.046 | 0.837
  346 | North Texas          |   1 | 0.834 | 1.019 | 1.221 | 1.002
  347 | George Fox           |   3 | 0.834 | 0.819 | 0.982 | 0.816
  348 | Quincy               |   2 | 0.833 | 1.050 | 1.260 | 0.886
  349 | Md.-East. Shore      |   1 | 0.833 | 0.895 | 1.074 | 0.936
  350 | Northern Ky.         |   2 | 0.832 | 0.865 | 1.039 | 0.888
  351 | Charleston (WV)      |   2 | 0.832 | 0.986 | 1.184 | 0.845
  352 | Austin Peay          |   1 | 0.831 | 0.982 | 1.182 | 0.975
  353 | S.C. Aiken           |   2 | 0.831 | 0.857 | 1.032 | 0.902
  354 | Campbell             |   1 | 0.831 | 0.961 | 1.157 | 0.936
  355 | Chicago St.          |   1 | 0.831 | 0.921 | 1.109 | 0.944
  356 | Coppin St.           |   1 | 0.829 | 0.850 | 1.026 | 0.946
  357 | Southern Ind.        |   2 | 0.828 | 1.002 | 1.211 | 0.897
  358 | Wofford              |   1 | 0.827 | 0.943 | 1.140 | 0.982
  359 | Winona St.           |   2 | 0.827 | 0.960 | 1.162 | 0.900
  360 | Coastal Caro.        |   1 | 0.826 | 0.837 | 1.014 | 0.939
  361 | Columbus St.         |   2 | 0.826 | 0.904 | 1.095 | 0.909
  362 | Indiana (PA)         |   2 | 0.825 | 0.889 | 1.078 | 0.884
  363 | Wingate              |   2 | 0.824 | 0.919 | 1.114 | 0.905
  364 | Bucknell             |   1 | 0.822 | 0.835 | 1.016 | 0.960
  365 | Southeastern Okla.   |   2 | 0.822 | 1.008 | 1.227 | 0.883
  366 | Adams St.            |   2 | 0.822 | 0.898 | 1.092 | 0.876
  367 | Radford              |   1 | 0.820 | 0.874 | 1.067 | 0.984
  368 | Fla. Southern        |   2 | 0.819 | 1.060 | 1.293 | 0.882
  369 | Army                 |   1 | 0.819 | 0.809 | 0.988 | 0.950
  370 | DePauw               |   3 | 0.818 | 0.838 | 1.025 | 0.791
  371 | Tex. A&M-Kingsville  |   2 | 0.817 | 0.980 | 1.199 | 0.881
  372 | Humboldt St.         |   2 | 0.816 | 0.974 | 1.193 | 0.894
  373 | Lewis                |   2 | 0.815 | 0.918 | 1.127 | 0.882
  374 | San Francisco        |   1 | 0.815 | 0.827 | 1.015 | 1.013
  375 | NJIT                 |   1 | 0.814 | 0.864 | 1.061 | 0.941
  376 | Bethune-Cookman      |   1 | 0.814 | 0.932 | 1.145 | 0.937
  377 | Eastern Ky.          |   1 | 0.813 | 0.824 | 1.014 | 0.945
  378 | Cal St. Northridge   |   1 | 0.810 | 0.925 | 1.142 | 0.997
  379 | San Jose St.         |   1 | 0.809 | 0.884 | 1.093 | 1.010
  380 | Washington-St. Louis |   3 | 0.809 | 0.851 | 1.051 | 0.821
  381 | Grambling            |   1 | 0.809 | 0.863 | 1.066 | 0.927
  382 | Montevallo           |   2 | 0.809 | 0.872 | 1.078 | 0.906
  383 | Alabama St.          |   1 | 0.808 | 0.822 | 1.017 | 0.938
  384 | Mo. Southern St.     |   2 | 0.808 | 0.909 | 1.125 | 0.913
  385 | Fairmont St.         |   2 | 0.807 | 0.924 | 1.144 | 0.847
  386 | St. Rose             |   2 | 0.807 | 0.883 | 1.094 | 0.891
  387 | West Liberty         |   2 | 0.807 | 1.036 | 1.284 | 0.855
  388 | Texas Southern       |   1 | 0.805 | 0.866 | 1.076 | 0.941
  389 | Kennesaw St.         |   1 | 0.805 | 0.893 | 1.110 | 0.965
  390 | Abilene Christian    |   2 | 0.803 | 0.935 | 1.165 | 0.893
  391 | Hope                 |   3 | 0.802 | 0.880 | 1.097 | 0.799
  392 | Northwest Mo. St.    |   2 | 0.800 | 1.023 | 1.279 | 0.913
  393 | Evansville           |   1 | 0.800 | 0.876 | 1.095 | 1.019
  394 | Colo. Christian      |   2 | 0.800 | 0.938 | 1.171 | 0.885
  395 | Seton Hill           |   2 | 0.799 | 0.892 | 1.116 | 0.844
  396 | Lincoln Memorial     |   2 | 0.799 | 0.969 | 1.212 | 0.909
  397 | Winthrop             |   1 | 0.798 | 0.756 | 0.947 | 0.944
  398 | Cornell              |   1 | 0.798 | 0.907 | 1.136 | 0.975
  399 | Clarion              |   2 | 0.798 | 0.965 | 1.209 | 0.884
  400 | Dixie St.            |   2 | 0.797 | 0.979 | 1.228 | 0.863
  401 | Barry                |   2 | 0.796 | 0.807 | 1.014 | 0.895
  402 | Tennessee St.        |   1 | 0.796 | 0.937 | 1.176 | 0.942
  403 | Cal St. Monterey Bay |   2 | 0.796 | 0.831 | 1.044 | 0.881
  404 | Barton               |   2 | 0.795 | 0.983 | 1.237 | 0.834
  405 | Ashland              |   2 | 0.795 | 0.957 | 1.204 | 0.929
  406 | Lake Erie            |   2 | 0.795 | 0.944 | 1.187 | 0.879
  407 | Brown                |   1 | 0.794 | 0.836 | 1.052 | 0.991
  408 | Southwest Minn. St.  |   2 | 0.793 | 0.887 | 1.119 | 0.902
  409 | Mississippi Val.     |   1 | 0.793 | 0.911 | 1.148 | 0.961
  410 | Fort Hays St.        |   2 | 0.793 | 0.894 | 1.127 | 0.907
  411 | La.-Lafayette        |   1 | 0.792 | 0.930 | 1.175 | 0.963
  412 | Bowie St.            |   2 | 0.789 | 0.808 | 1.024 | 0.865
  413 | St. Norbert          |   3 | 0.789 | 0.822 | 1.042 | 0.791
  414 | C.W. Post            |   2 | 0.787 | 0.905 | 1.149 | 0.834
  415 | Mary                 |   2 | 0.787 | 0.926 | 1.178 | 0.906
  416 | Texas St.            |   1 | 0.786 | 0.890 | 1.133 | 0.970
  417 | Alcorn St.           |   1 | 0.786 | 0.909 | 1.155 | 0.958
  418 | Rider                |   1 | 0.785 | 0.861 | 1.097 | 0.983
  419 | Southern N.H.        |   2 | 0.785 | 0.893 | 1.137 | 0.894
  420 | Pittsburg St.        |   2 | 0.784 | 0.936 | 1.193 | 0.911
  421 | Southeastern La.     |   1 | 0.783 | 0.863 | 1.103 | 0.941
  422 | Assumption           |   2 | 0.781 | 0.882 | 1.130 | 0.884
  423 | Harding              |   2 | 0.781 | 0.889 | 1.138 | 0.876
  424 | Kutztown             |   2 | 0.780 | 0.926 | 1.187 | 0.861
  425 | Neb.-Omaha           |   2 | 0.779 | 0.868 | 1.114 | 0.912
  426 | Western St.          |   2 | 0.776 | 0.910 | 1.173 | 0.884
  427 | Virginia St.         |   2 | 0.774 | 0.899 | 1.161 | 0.840
  428 | New Haven            |   2 | 0.773 | 0.883 | 1.142 | 0.894
  429 | Ga. Southwestern     |   2 | 0.773 | 0.892 | 1.154 | 0.902
  430 | UNC Pembroke         |   2 | 0.773 | 0.881 | 1.140 | 0.873
  431 | Incarnate Word       |   2 | 0.772 | 0.836 | 1.084 | 0.848
  432 | Hawaii Pacific       |   2 | 0.772 | 0.920 | 1.193 | 0.844
  433 | West Chester         |   2 | 0.771 | 0.903 | 1.172 | 0.859
  434 | Texas Womans         |   2 | 0.770 | 0.953 | 1.237 | 0.883
  435 | Colorado St.-Pueblo  |   2 | 0.769 | 0.886 | 1.152 | 0.890
  436 | Air Force            |   1 | 0.767 | 0.854 | 1.113 | 1.015
  437 | Colgate              |   1 | 0.767 | 0.871 | 1.136 | 0.941
  438 | West Va. Wesleyan    |   2 | 0.767 | 0.870 | 1.135 | 0.844
  439 | Southwest Baptist    |   2 | 0.767 | 0.917 | 1.196 | 0.922
  440 | Queens (NC)          |   2 | 0.766 | 0.891 | 1.164 | 0.835
  441 | Catawba              |   2 | 0.766 | 0.902 | 1.178 | 0.898
  442 | Bridgeport           |   2 | 0.766 | 0.836 | 1.091 | 0.856
  443 | Simpson              |   3 | 0.765 | 0.947 | 1.238 | 0.816
  444 | San Fran. St.        |   2 | 0.765 | 0.782 | 1.022 | 0.894
  445 | Mt. St. Mary (NY)    |   3 | 0.764 | 0.738 | 0.966 | 0.725
  446 | Western Ore.         |   2 | 0.764 | 0.862 | 1.129 | 0.911
  447 | McNeese St.          |   1 | 0.763 | 0.876 | 1.148 | 0.944
  448 | Saginaw Valley       |   2 | 0.763 | 0.925 | 1.211 | 0.935
  449 | Bellarmine           |   2 | 0.763 | 0.959 | 1.257 | 0.886
  450 | St. Marys (TX)       |   2 | 0.762 | 0.773 | 1.014 | 0.853
  451 | UT Martin            |   1 | 0.762 | 0.783 | 1.028 | 0.948
  452 | Stetson              |   1 | 0.762 | 0.826 | 1.084 | 0.966
  453 | Bemidji St.          |   2 | 0.761 | 0.960 | 1.262 | 0.909
  454 | Fayetteville St.     |   2 | 0.760 | 0.916 | 1.205 | 0.863
  455 | Molloy               |   2 | 0.759 | 0.789 | 1.039 | 0.865
  456 | Mass.-Lowell         |   2 | 0.759 | 0.880 | 1.159 | 0.888
  457 | Dowling              |   2 | 0.759 | 0.913 | 1.203 | 0.850
  458 | South Carolina St.   |   1 | 0.757 | 0.922 | 1.218 | 0.917
  459 | Truman               |   2 | 0.756 | 0.843 | 1.115 | 0.905
  460 | Bowdoin              |   3 | 0.756 | 0.819 | 1.084 | 0.817
  461 | Tex.-Pan American    |   1 | 0.756 | 0.872 | 1.153 | 0.924
  462 | Lipscomb             |   1 | 0.755 | 0.859 | 1.138 | 0.945
  463 | American Intl        |   2 | 0.755 | 0.794 | 1.052 | 0.889
  464 | Glenville St.        |   2 | 0.754 | 1.218 | 1.615 | 0.846
  465 | Minn.-Crookston      |   2 | 0.753 | 0.990 | 1.314 | 0.907
  466 | Gettysburg           |   3 | 0.752 | 0.794 | 1.056 | 0.792
  467 | Colby                |   3 | 0.752 | 0.912 | 1.213 | 0.800
  468 | Messiah              |   3 | 0.751 | 0.799 | 1.065 | 0.791
  469 | Shaw                 |   2 | 0.751 | 0.823 | 1.096 | 0.854
  470 | Florida Tech         |   2 | 0.750 | 0.910 | 1.213 | 0.896
  471 | Lynn                 |   2 | 0.749 | 0.864 | 1.154 | 0.894
  472 | Mary Washington      |   3 | 0.749 | 0.764 | 1.019 | 0.788
  473 | Western Conn. St.    |   3 | 0.748 | 0.884 | 1.182 | 0.796
  474 | Marymount (VA)       |   3 | 0.747 | 0.777 | 1.040 | 0.772
  475 | Missouri S&T         |   2 | 0.746 | 0.878 | 1.177 | 0.870
  476 | Jacksonville St.     |   1 | 0.746 | 0.847 | 1.136 | 0.945
  477 | UNC Asheville        |   1 | 0.746 | 0.848 | 1.137 | 0.944
  478 | St. Augustines       |   2 | 0.744 | 0.830 | 1.116 | 0.858
  479 | Ark.-Monticello      |   2 | 0.743 | 0.857 | 1.153 | 0.877
  480 | Delaware St.         |   1 | 0.743 | 0.719 | 0.967 | 0.953
  481 | Carthage             |   3 | 0.743 | 0.850 | 1.144 | 0.808
  482 | Wm. Paterson         |   3 | 0.742 | 0.870 | 1.173 | 0.785
  483 | Nova Southeastern    |   2 | 0.741 | 0.874 | 1.179 | 0.907
  484 | Moravian             |   3 | 0.741 | 0.941 | 1.270 | 0.791
  485 | Angelo St.           |   2 | 0.739 | 0.840 | 1.136 | 0.888
  486 | St. Leo              |   2 | 0.739 | 0.876 | 1.184 | 0.901
  487 | Puget Sound          |   3 | 0.738 | 0.840 | 1.138 | 0.818
  488 | Coe                  |   3 | 0.738 | 0.839 | 1.137 | 0.820
  489 | Southern Conn. St.   |   2 | 0.737 | 0.925 | 1.256 | 0.888
  490 | N.C. Central         |   1 | 0.737 | 0.867 | 1.176 | 0.950
  491 | Lafayette            |   1 | 0.736 | 0.758 | 1.029 | 0.979
  492 | Benedict             |   2 | 0.736 | 0.812 | 1.104 | 0.835
  493 | Ferris St.           |   2 | 0.736 | 0.845 | 1.148 | 0.927
  494 | North Ga.            |   2 | 0.736 | 0.921 | 1.251 | 0.907
  495 | Bloomsburg           |   2 | 0.735 | 0.875 | 1.190 | 0.858
  496 | Midwestern St.       |   2 | 0.735 | 0.848 | 1.155 | 0.905
  497 | Shepherd             |   2 | 0.734 | 0.941 | 1.282 | 0.848
  498 | Mars Hill            |   2 | 0.734 | 0.986 | 1.343 | 0.911
  499 | Wayne St. (MI)       |   2 | 0.734 | 0.842 | 1.147 | 0.930
  500 | Merrimack            |   2 | 0.733 | 0.921 | 1.257 | 0.901
  501 | Colorado Mines       |   2 | 0.731 | 0.819 | 1.120 | 0.887
  502 | Mo. Western St.      |   2 | 0.730 | 0.852 | 1.167 | 0.912
  503 | Henderson St.        |   2 | 0.729 | 0.950 | 1.304 | 0.868
  504 | Neb.-Kearney         |   2 | 0.729 | 0.935 | 1.283 | 0.887
  505 | Western Ill.         |   1 | 0.727 | 0.724 | 0.996 | 0.964
  506 | Bloomfield           |   2 | 0.726 | 0.855 | 1.177 | 0.852
  507 | Wis.-River Falls     |   3 | 0.726 | 0.819 | 1.128 | 0.798
  508 | Nicholls St.         |   1 | 0.726 | 0.831 | 1.146 | 0.945
  509 | Shippensburg         |   2 | 0.726 | 0.897 | 1.236 | 0.868
  510 | North Ala.           |   2 | 0.725 | 0.845 | 1.164 | 0.878
  511 | Ouachita Baptist     |   2 | 0.724 | 0.940 | 1.298 | 0.876
  512 | Wheeling Jesuit      |   2 | 0.724 | 0.918 | 1.268 | 0.850
  513 | Tiffin               |   2 | 0.723 | 0.862 | 1.192 | 0.922
  514 | Wis.-Stevens Point   |   3 | 0.722 | 0.869 | 1.203 | 0.831
  515 | Mesa St.             |   2 | 0.722 | 0.830 | 1.148 | 0.883
  516 | Johnson C. Smith     |   2 | 0.720 | 0.736 | 1.022 | 0.854
  517 | Armstrong Atlantic   |   2 | 0.720 | 0.883 | 1.226 | 0.901
  518 | Chicago              |   3 | 0.720 | 0.807 | 1.120 | 0.820
  519 | Limestone            |   2 | 0.719 | 0.840 | 1.169 | 0.832
  520 | Muhlenberg           |   3 | 0.719 | 0.879 | 1.222 | 0.802
  521 | Babson               |   3 | 0.718 | 0.834 | 1.162 | 0.758
  522 | Notre Dame de Namur  |   2 | 0.718 | 0.816 | 1.135 | 0.861
  523 | Cal St. San Bdino    |   2 | 0.718 | 0.836 | 1.164 | 0.879
  524 | St. Michaels         |   2 | 0.718 | 0.768 | 1.070 | 0.893
  525 | Mont. St. Billings   |   2 | 0.717 | 0.845 | 1.178 | 0.896
  526 | Keene St.            |   3 | 0.716 | 0.795 | 1.109 | 0.800
  527 | Tufts                |   3 | 0.716 | 0.830 | 1.159 | 0.810
  528 | West Virginia St.    |   2 | 0.716 | 0.910 | 1.271 | 0.838
  529 | Southeast Mo. St.    |   1 | 0.716 | 0.768 | 1.071 | 0.953
  530 | Eckerd               |   2 | 0.714 | 0.828 | 1.159 | 0.886
  531 | Felician             |   2 | 0.714 | 0.823 | 1.153 | 0.847
  532 | Davis & Elkins       |   2 | 0.714 | 0.902 | 1.264 | 0.822
  533 | Wis.-Whitewater      |   3 | 0.714 | 0.904 | 1.266 | 0.837
  534 | St. Martins          |   2 | 0.714 | 0.897 | 1.256 | 0.883
  535 | Scranton             |   3 | 0.712 | 0.830 | 1.166 | 0.810
  536 | Cal St. Dom. Hills   |   2 | 0.711 | 0.857 | 1.205 | 0.886
  537 | Anderson (SC)        |   2 | 0.711 | 0.826 | 1.163 | 0.841
  538 | Wilmington (DE)      |   2 | 0.710 | 0.908 | 1.278 | 0.856
  539 | St. Thomas Aquinas   |   2 | 0.710 | 0.817 | 1.150 | 0.849
  540 | Calvin               |   3 | 0.710 | 0.831 | 1.170 | 0.797
  541 | Cheyney              |   2 | 0.709 | 0.873 | 1.231 | 0.856
  542 | St. Cloud St.        |   2 | 0.709 | 0.856 | 1.208 | 0.923
  543 | Trinity (CT)         |   3 | 0.708 | 0.805 | 1.138 | 0.786
  544 | Penn                 |   1 | 0.708 | 0.736 | 1.040 | 0.990
  545 | Kentucky St.         |   2 | 0.708 | 0.832 | 1.175 | 0.836
  546 | West Fla.            |   2 | 0.707 | 0.905 | 1.281 | 0.867
  547 | Pitt.-Johnstown      |   2 | 0.706 | 0.855 | 1.211 | 0.840
  548 | Mo.-St. Louis        |   2 | 0.706 | 0.930 | 1.318 | 0.887
  549 | Elizabeth City St.   |   2 | 0.704 | 0.817 | 1.160 | 0.839
  550 | Caldwell             |   2 | 0.704 | 0.869 | 1.234 | 0.843
  551 | Eastern N.M.         |   2 | 0.701 | 0.862 | 1.229 | 0.907
  552 | Nyack                |   2 | 0.701 | 0.822 | 1.172 | 0.858
  553 | Wis.-La Crosse       |   3 | 0.700 | 0.810 | 1.156 | 0.818
  554 | Belmont Abbey        |   2 | 0.699 | 0.801 | 1.147 | 0.830
  555 | Buena Vista          |   3 | 0.699 | 0.944 | 1.352 | 0.807
  556 | Southern Utah        |   1 | 0.699 | 0.802 | 1.147 | 0.953
  557 | Cal St. Stanislaus   |   2 | 0.698 | 0.829 | 1.188 | 0.889
  558 | Ithaca               |   3 | 0.698 | 0.812 | 1.163 | 0.787
  559 | Mercyhurst           |   2 | 0.696 | 0.795 | 1.143 | 0.889
  560 | Brandeis             |   3 | 0.696 | 0.796 | 1.143 | 0.807
  561 | Louisiana Col.       |   3 | 0.696 | 0.789 | 1.133 | 0.782
  562 | Sonoma St.           |   2 | 0.694 | 0.741 | 1.067 | 0.889
  563 | Lebanon Valley       |   3 | 0.693 | 0.827 | 1.194 | 0.784
  564 | Williams             |   3 | 0.693 | 0.859 | 1.240 | 0.826
  565 | Wis.-Stout           |   3 | 0.692 | 0.972 | 1.405 | 0.825
  566 | Thomas More          |   3 | 0.692 | 0.858 | 1.241 | 0.770
  567 | Concord              |   2 | 0.692 | 0.854 | 1.235 | 0.845
  568 | Savannah St.         |   1 | 0.690 | 0.688 | 0.996 | 0.940
  569 | Presbyterian         |   1 | 0.690 | 0.739 | 1.071 | 0.964
  570 | East Central         |   2 | 0.690 | 0.886 | 1.284 | 0.890
  571 | IUPUI                |   1 | 0.689 | 0.769 | 1.116 | 0.970
  572 | Ark.-Fort Smith      |   2 | 0.688 | 0.879 | 1.279 | 0.848
  573 | Norfolk St.          |   1 | 0.688 | 0.826 | 1.199 | 0.927
  574 | Redlands             |   3 | 0.688 | 0.815 | 1.186 | 0.758
  575 | Tuskegee             |   2 | 0.688 | 0.841 | 1.221 | 0.840
  576 | Mount Olive          |   2 | 0.688 | 0.819 | 1.191 | 0.832
  577 | St. Anselm           |   2 | 0.688 | 0.690 | 1.004 | 0.887
  578 | Rhode Island Col.    |   3 | 0.683 | 0.834 | 1.221 | 0.791
  579 | St. Benedict         |   3 | 0.682 | 0.847 | 1.243 | 0.788
  580 | Regis (CO)           |   2 | 0.682 | 0.880 | 1.290 | 0.876
  581 | Utah Valley          |   1 | 0.682 | 0.830 | 1.216 | 0.940
  582 | Chris. Newport       |   3 | 0.682 | 0.890 | 1.304 | 0.757
  583 | SUNY Cortland        |   3 | 0.681 | 0.802 | 1.178 | 0.760
  584 | Wartburg             |   3 | 0.681 | 0.835 | 1.226 | 0.811
  585 | Jackson St.          |   1 | 0.680 | 0.730 | 1.073 | 0.937
  586 | Tex. Permian Basin   |   2 | 0.680 | 0.855 | 1.257 | 0.846
  587 | Dominican (NY)       |   2 | 0.678 | 0.780 | 1.151 | 0.852
  588 | Philadelphia U.      |   2 | 0.678 | 0.868 | 1.280 | 0.849
  589 | McDaniel             |   3 | 0.677 | 0.851 | 1.258 | 0.803
  590 | Chowan               |   2 | 0.676 | 0.800 | 1.184 | 0.860
  591 | Goldey-Beacom        |   2 | 0.673 | 0.797 | 1.185 | 0.835
  592 | Pfeiffer             |   2 | 0.673 | 0.859 | 1.277 | 0.837
  593 | Roanoke              |   3 | 0.673 | 0.748 | 1.112 | 0.762
  594 | LeMoyne-Owen         |   2 | 0.672 | 0.919 | 1.368 | 0.839
  595 | Eastern Conn. St.    |   3 | 0.671 | 0.782 | 1.166 | 0.809
  596 | Whitman              |   3 | 0.669 | 0.802 | 1.199 | 0.799
  597 | Centre               |   3 | 0.669 | 0.815 | 1.219 | 0.793
  598 | N.M. Highlands       |   2 | 0.667 | 0.852 | 1.278 | 0.882
  599 | Gust. Adolphus       |   3 | 0.666 | 0.831 | 1.247 | 0.792
  600 | Le Moyne             |   2 | 0.665 | 0.761 | 1.145 | 0.883
  601 | UC-Colo. Springs     |   2 | 0.665 | 0.852 | 1.281 | 0.879
  602 | Elmhurst             |   3 | 0.665 | 0.900 | 1.353 | 0.810
  603 | Miles                |   2 | 0.663 | 0.786 | 1.186 | 0.827
  604 | Howard Payne         |   3 | 0.663 | 0.827 | 1.247 | 0.775
  605 | DeSales              |   3 | 0.661 | 0.823 | 1.245 | 0.796
  606 | Central Wash.        |   2 | 0.661 | 0.835 | 1.263 | 0.899
  607 | Loras                |   3 | 0.660 | 0.874 | 1.325 | 0.814
  608 | Christian Bros.      |   2 | 0.660 | 0.803 | 1.217 | 0.878
  609 | Wis.-Eau Claire      |   3 | 0.660 | 0.761 | 1.153 | 0.840
  610 | Manhattanville       |   3 | 0.659 | 0.767 | 1.165 | 0.775
  611 | Ky. Wesleyan         |   2 | 0.659 | 0.813 | 1.233 | 0.884
  612 | Southern Me.         |   3 | 0.658 | 0.766 | 1.164 | 0.805
  613 | Brevard              |   2 | 0.658 | 0.859 | 1.305 | 0.891
  614 | Texas-Dallas         |   3 | 0.658 | 0.778 | 1.182 | 0.783
  615 | Macalester           |   3 | 0.657 | 0.822 | 1.252 | 0.789
  616 | St. Francis (NY)     |   1 | 0.657 | 0.743 | 1.130 | 0.965
  617 | Youngstown St.       |   1 | 0.656 | 0.773 | 1.179 | 1.006
  618 | Chadron St.          |   2 | 0.656 | 0.821 | 1.251 | 0.885
  619 | St. Josephs (IN)     |   2 | 0.656 | 0.867 | 1.322 | 0.891
  620 | Montclair St.        |   3 | 0.655 | 0.863 | 1.317 | 0.800
  621 | McMurry              |   3 | 0.655 | 0.815 | 1.244 | 0.774
  622 | Alvernia             |   3 | 0.655 | 0.884 | 1.348 | 0.807
  623 | USP                  |   2 | 0.654 | 0.787 | 1.204 | 0.839
  624 | Cameron              |   2 | 0.653 | 0.848 | 1.298 | 0.887
  625 | St. Pauls            |   2 | 0.653 | 0.835 | 1.279 | 0.860
  626 | Whitworth            |   3 | 0.653 | 0.830 | 1.272 | 0.813
  627 | St. Thomas (MN)      |   3 | 0.653 | 0.787 | 1.205 | 0.795
  628 | P.R.-Bayamon         |   2 | 0.652 | 0.902 | 1.383 | 0.877
  629 | Chapman              |   3 | 0.652 | 0.833 | 1.278 | 0.761
  630 | Upper Iowa           |   2 | 0.650 | 0.855 | 1.315 | 0.925
  631 | Juniata              |   3 | 0.650 | 0.833 | 1.282 | 0.789
  632 | Rochester (NY)       |   3 | 0.650 | 0.773 | 1.191 | 0.823
  633 | Rockhurst            |   2 | 0.649 | 0.730 | 1.124 | 0.873
  634 | Baldwin-Wallace      |   3 | 0.649 | 0.803 | 1.238 | 0.789
  635 | Concordia-Mhead      |   3 | 0.649 | 0.815 | 1.256 | 0.787
  636 | Randolph-Macon       |   3 | 0.649 | 0.876 | 1.350 | 0.764
  637 | St. Vincent          |   3 | 0.648 | 0.847 | 1.307 | 0.766
  638 | Mary Hardin-Baylor   |   3 | 0.647 | 0.768 | 1.186 | 0.773
  639 | Hanover              |   3 | 0.647 | 0.853 | 1.318 | 0.769
  640 | Livingstone          |   2 | 0.646 | 0.901 | 1.395 | 0.854
  641 | North Greenville     |   2 | 0.644 | 0.864 | 1.343 | 0.860
  642 | Stevens Institute    |   3 | 0.644 | 0.764 | 1.187 | 0.780
  643 | Southern Ark.        |   2 | 0.644 | 0.819 | 1.272 | 0.877
  644 | Lane                 |   2 | 0.643 | 0.844 | 1.313 | 0.834
  645 | Lock Haven           |   2 | 0.643 | 0.796 | 1.237 | 0.864
  646 | Academy of Art       |   2 | 0.643 | 0.827 | 1.285 | 0.858
  647 | Georgian Court       |   2 | 0.642 | 0.743 | 1.157 | 0.846
  648 | West Ga.             |   2 | 0.641 | 0.677 | 1.057 | 0.866
  649 | Slippery Rock        |   2 | 0.641 | 0.783 | 1.221 | 0.900
  650 | Dickinson            |   3 | 0.641 | 0.768 | 1.198 | 0.797
  651 | Eastern Ore.         |   3 | 0.641 | 0.751 | 1.171 | 0.814
  652 | Baruch               |   3 | 0.640 | 0.848 | 1.324 | 0.748
  653 | Mississippi Col.     |   3 | 0.640 | 0.800 | 1.250 | 0.773
  654 | Virginia Union       |   2 | 0.639 | 0.786 | 1.230 | 0.855
  655 | Cal Lutheran         |   3 | 0.638 | 0.774 | 1.214 | 0.767
  656 | Tex. A&M-Commerce    |   2 | 0.637 | 0.869 | 1.365 | 0.899
  657 | Southwestern Okla.   |   2 | 0.635 | 0.860 | 1.354 | 0.894
  658 | U New England        |   3 | 0.634 | 0.783 | 1.235 | 0.757
  659 | Queens (NY)          |   2 | 0.634 | 0.793 | 1.252 | 0.851
  660 | Cal St. L.A.         |   2 | 0.634 | 0.741 | 1.170 | 0.890
  661 | Bates                |   3 | 0.634 | 0.822 | 1.297 | 0.813
  662 | Ripon                |   3 | 0.633 | 0.801 | 1.265 | 0.795
  663 | Erskine              |   2 | 0.633 | 0.899 | 1.419 | 0.829
  664 | Stillman             |   2 | 0.633 | 0.835 | 1.318 | 0.834
  665 | Capital              |   3 | 0.632 | 0.765 | 1.211 | 0.785
  666 | Dubuque              |   3 | 0.631 | 0.823 | 1.304 | 0.814
  667 | Lincoln (MO)         |   2 | 0.630 | 0.799 | 1.268 | 0.837
  668 | Millikin             |   3 | 0.630 | 0.756 | 1.200 | 0.797
  669 | Mount Union          |   3 | 0.630 | 0.818 | 1.298 | 0.784
  670 | Case                 |   3 | 0.629 | 0.803 | 1.276 | 0.800
  671 | Berry                |   3 | 0.628 | 0.937 | 1.494 | 0.759
  672 | Hendrix              |   3 | 0.627 | 0.810 | 1.292 | 0.774
  673 | Maryville (TN)       |   3 | 0.626 | 0.828 | 1.322 | 0.730
  674 | St. Marys (IN)       |   3 | 0.626 | 0.835 | 1.334 | 0.787
  675 | Wash. & Jeff.        |   3 | 0.625 | 0.729 | 1.166 | 0.768
  676 | Albany St. (GA)      |   2 | 0.625 | 0.719 | 1.150 | 0.849
  677 | Medaille             |   3 | 0.625 | 0.734 | 1.173 | 0.720
  678 | Richard Stockton     |   3 | 0.624 | 0.796 | 1.276 | 0.804
  679 | Johns Hopkins        |   3 | 0.623 | 0.769 | 1.235 | 0.801
  680 | Dist. Columbia       |   2 | 0.623 | 0.728 | 1.168 | 0.845
  681 | Widener              |   3 | 0.622 | 0.759 | 1.220 | 0.805
  682 | West Ala.            |   2 | 0.622 | 0.768 | 1.233 | 0.876
  683 | Emmanuel (MA)        |   3 | 0.621 | 0.813 | 1.310 | 0.764
  684 | Flagler              |   2 | 0.621 | 0.798 | 1.285 | 0.891
  685 | Denison              |   3 | 0.621 | 0.813 | 1.310 | 0.753
  686 | TCNJ                 |   3 | 0.619 | 0.714 | 1.154 | 0.795
  687 | Hardin-Simmons       |   3 | 0.618 | 0.863 | 1.395 | 0.773
  688 | Utica                |   3 | 0.616 | 0.777 | 1.262 | 0.773
  689 | Lewis & Clark        |   3 | 0.616 | 0.759 | 1.231 | 0.819
  690 | Maryville (MO)       |   2 | 0.616 | 0.839 | 1.362 | 0.880
  691 | Texas Wesleyan       |   3 | 0.615 | 0.731 | 1.188 | 0.877
  692 | Wis.-Oshkosh         |   3 | 0.615 | 0.739 | 1.201 | 0.833
  693 | Franklin             |   3 | 0.614 | 0.805 | 1.312 | 0.763
  694 | Ohio Northern        |   3 | 0.614 | 0.791 | 1.288 | 0.787
  695 | Ferrum               |   3 | 0.614 | 0.848 | 1.381 | 0.749
  696 | Adelphi              |   2 | 0.614 | 0.763 | 1.243 | 0.891
  697 | Lake Forest          |   3 | 0.613 | 0.841 | 1.372 | 0.788
  698 | Wis.-Platteville     |   3 | 0.613 | 0.799 | 1.305 | 0.824
  699 | Oneonta St.          |   3 | 0.613 | 0.745 | 1.216 | 0.766
  700 | Neumann              |   3 | 0.612 | 0.817 | 1.334 | 0.766
  701 | Wash. & Lee          |   3 | 0.612 | 0.767 | 1.253 | 0.771
  702 | Western N.M.         |   2 | 0.611 | 0.813 | 1.332 | 0.898
  703 | St. Edwards          |   2 | 0.610 | 0.783 | 1.283 | 0.854
  704 | Occidental           |   3 | 0.610 | 0.806 | 1.322 | 0.746
  705 | BYU-Hawaii           |   2 | 0.610 | 0.771 | 1.265 | 0.847
  706 | New York U.          |   3 | 0.609 | 0.803 | 1.319 | 0.792
  707 | Rowan                |   3 | 0.608 | 0.806 | 1.326 | 0.777
  708 | Carroll (WI)         |   3 | 0.607 | 0.825 | 1.357 | 0.788
  709 | Cal St. East Bay     |   2 | 0.606 | 0.831 | 1.372 | 0.893
  710 | William Penn         |   3 | 0.606 | 0.779 | 1.286 | 0.830
  711 | Ala.-Huntsville      |   2 | 0.604 | 0.827 | 1.369 | 0.857
  712 | Palm Beach Atl.      |   2 | 0.604 | 0.767 | 1.269 | 0.891
  713 | Salem St.            |   3 | 0.603 | 0.811 | 1.343 | 0.771
  714 | Trinity (TX)         |   3 | 0.603 | 0.816 | 1.353 | 0.790
  715 | Augusta St.          |   2 | 0.603 | 0.771 | 1.279 | 0.895
  716 | Winston-Salem        |   1 | 0.603 | 0.703 | 1.164 | 0.946
  717 | Wesley               |   3 | 0.602 | 0.756 | 1.255 | 0.783
  718 | St. John Fisher      |   3 | 0.601 | 0.776 | 1.291 | 0.771
  719 | Houston Baptist      |   1 | 0.601 | 0.817 | 1.359 | 0.957
  720 | Delaware Valley      |   3 | 0.600 | 0.825 | 1.375 | 0.782
  721 | American (PR)        |   2 | 0.599 | 0.808 | 1.350 | 0.865
  722 | Bridgewater (VA)     |   3 | 0.597 | 0.750 | 1.255 | 0.756
  723 | Transylvania         |   3 | 0.597 | 0.813 | 1.362 | 0.762
  724 | Swarthmore           |   3 | 0.597 | 0.782 | 1.309 | 0.793
  725 | Plymouth St.         |   3 | 0.595 | 0.794 | 1.336 | 0.774
  726 | Austin               |   3 | 0.595 | 0.721 | 1.213 | 0.774
  727 | East. Mennonite      |   3 | 0.595 | 0.722 | 1.214 | 0.753
  728 | Illinois Col.        |   3 | 0.594 | 0.795 | 1.338 | 0.783
  729 | Susquehanna          |   3 | 0.594 | 0.713 | 1.199 | 0.788
  730 | Wheaton (IL)         |   3 | 0.593 | 0.828 | 1.397 | 0.805
  731 | Wilmington (OH)      |   3 | 0.593 | 0.762 | 1.286 | 0.783
  732 | Ursinus              |   3 | 0.592 | 0.711 | 1.200 | 0.795
  733 | Farmingdale St.      |   3 | 0.591 | 0.829 | 1.402 | 0.712
  734 | Birmingham-So.       |   3 | 0.590 | 0.793 | 1.342 | 0.774
  735 | SUNY Geneseo         |   3 | 0.590 | 0.700 | 1.186 | 0.758
  736 | Claflin              |   2 | 0.589 | 0.755 | 1.281 | 0.838
  737 | New Paltz St.        |   3 | 0.589 | 0.764 | 1.296 | 0.773
  738 | Dominican (CA)       |   2 | 0.588 | 0.823 | 1.400 | 0.855
  739 | Defiance             |   3 | 0.587 | 0.876 | 1.491 | 0.770
  740 | Skidmore             |   3 | 0.587 | 0.697 | 1.187 | 0.765
  741 | Alderson-Broaddus    |   2 | 0.586 | 0.708 | 1.207 | 0.852
  742 | East Stroudsburg     |   2 | 0.586 | 0.737 | 1.259 | 0.866
  743 | Gwynedd-Mercy        |   3 | 0.586 | 0.858 | 1.463 | 0.767
  744 | Rhodes               |   3 | 0.585 | 0.848 | 1.450 | 0.788
  745 | Endicott             |   3 | 0.585 | 0.743 | 1.271 | 0.750
  746 | St. Catherine        |   3 | 0.585 | 0.804 | 1.375 | 0.785
  747 | Neb. Wesleyan        |   3 | 0.585 | 0.806 | 1.380 | 0.814
  748 | P.R.-Mayaguez        |   2 | 0.583 | 0.812 | 1.391 | 0.877
  749 | Lakeland             |   3 | 0.582 | 0.717 | 1.232 | 0.743
  750 | Kings (PA)           |   3 | 0.582 | 0.754 | 1.295 | 0.772
  751 | Adrian               |   3 | 0.581 | 0.782 | 1.346 | 0.792
  752 | Hawaii Hilo          |   2 | 0.580 | 0.780 | 1.345 | 0.850
  753 | Wittenberg           |   3 | 0.579 | 0.751 | 1.297 | 0.764
  754 | Washington Col.      |   3 | 0.579 | 0.802 | 1.384 | 0.799
  755 | Otterbein            |   3 | 0.579 | 0.810 | 1.401 | 0.780
  756 | Misericordia         |   3 | 0.578 | 0.718 | 1.241 | 0.776
  757 | Centenary (LA)       |   1 | 0.577 | 0.699 | 1.212 | 0.958
  758 | Stephens             |   3 | 0.577 | 0.705 | 1.223 | 0.709
  759 | St. Lawrence         |   3 | 0.576 | 0.720 | 1.248 | 0.757
  760 | John Carroll         |   3 | 0.576 | 0.830 | 1.441 | 0.784
  761 | Norwich              |   3 | 0.575 | 0.758 | 1.319 | 0.714
  762 | Frank. & Marsh.      |   3 | 0.575 | 0.704 | 1.224 | 0.793
  763 | Concordia (WI)       |   3 | 0.574 | 0.745 | 1.299 | 0.751
  764 | Rensselaer           |   3 | 0.574 | 0.744 | 1.296 | 0.784
  765 | Wesleyan (CT)        |   3 | 0.574 | 0.720 | 1.255 | 0.812
  766 | Ohio Wesleyan        |   3 | 0.573 | 0.813 | 1.419 | 0.756
  767 | Ill.-Springfield     |   2 | 0.572 | 0.788 | 1.378 | 0.885
  768 | Monmouth (IL)        |   3 | 0.572 | 0.778 | 1.359 | 0.774
  769 | Cabrini              |   3 | 0.571 | 0.681 | 1.193 | 0.758
  770 | Pacific Lutheran     |   3 | 0.571 | 0.726 | 1.272 | 0.829
  771 | Hamline              |   3 | 0.570 | 0.819 | 1.437 | 0.777
  772 | Chestnut Hill        |   2 | 0.570 | 0.741 | 1.299 | 0.851
  773 | Paine                |   2 | 0.570 | 0.713 | 1.251 | 0.834
  774 | Mass.-Dartmouth      |   3 | 0.568 | 0.715 | 1.258 | 0.772
  775 | Lincoln (PA)         |   2 | 0.568 | 0.761 | 1.340 | 0.859
  776 | Shenandoah           |   3 | 0.567 | 0.736 | 1.299 | 0.752
  777 | Northland            |   3 | 0.567 | 0.663 | 1.171 | 0.724
  778 | P.R.-Rio Piedras     |   2 | 0.566 | 0.675 | 1.193 | 0.894
  779 | Pitt.-Greensburg     |   3 | 0.566 | 0.771 | 1.361 | 0.716
  780 | LaGrange             |   3 | 0.566 | 0.808 | 1.429 | 0.723
  781 | Tex. A&M Intl        |   2 | 0.566 | 0.815 | 1.440 | 0.842
  782 | Edgewood             |   3 | 0.565 | 0.733 | 1.298 | 0.753
  783 | East Tex. Baptist    |   3 | 0.564 | 0.753 | 1.336 | 0.774
  784 | Regis (MA)           |   3 | 0.564 | 0.795 | 1.410 | 0.747
  785 | Oakland City         |   2 | 0.564 | 0.843 | 1.494 | 0.854
  786 | Luther               |   3 | 0.563 | 0.703 | 1.249 | 0.797
  787 | Hamilton             |   3 | 0.562 | 0.722 | 1.284 | 0.760
  788 | Immaculata           |   3 | 0.561 | 0.742 | 1.325 | 0.735
  789 | Trine                |   3 | 0.560 | 0.664 | 1.186 | 0.785
  790 | Va. Wesleyan         |   3 | 0.559 | 0.728 | 1.303 | 0.761
  791 | Kenyon               |   3 | 0.557 | 0.684 | 1.228 | 0.754
  792 | Middlebury           |   3 | 0.557 | 0.688 | 1.234 | 0.796
  793 | Albright             |   3 | 0.556 | 0.730 | 1.314 | 0.801
  794 | Post                 |   2 | 0.556 | 0.747 | 1.344 | 0.835
  795 | Ramapo               |   3 | 0.554 | 0.719 | 1.298 | 0.767
  796 | Fontbonne            |   3 | 0.554 | 0.801 | 1.445 | 0.746
  797 | St. Marys (MD)       |   3 | 0.552 | 0.768 | 1.390 | 0.784
  798 | Elizabethtown        |   3 | 0.551 | 0.738 | 1.338 | 0.794
  799 | Emory                |   3 | 0.551 | 0.743 | 1.349 | 0.794
  800 | NYIT                 |   2 | 0.551 | 0.712 | 1.293 | 0.860
  801 | Nazareth             |   3 | 0.551 | 0.687 | 1.248 | 0.758
  802 | Claremont-M-S        |   3 | 0.550 | 0.730 | 1.326 | 0.740
  803 | Newman               |   2 | 0.550 | 0.670 | 1.218 | 0.843
  804 | Pacific (OR)         |   3 | 0.549 | 0.764 | 1.391 | 0.819
  805 | Texas Lutheran       |   3 | 0.549 | 0.863 | 1.570 | 0.774
  806 | Methodist            |   3 | 0.548 | 0.694 | 1.265 | 0.755
  807 | Penn St.-Behrend     |   3 | 0.548 | 0.787 | 1.436 | 0.708
  808 | Marywood             |   3 | 0.548 | 0.726 | 1.327 | 0.728
  809 | Menlo                |   3 | 0.546 | 0.744 | 1.362 | 0.805
  810 | Colorado Col.        |   3 | 0.546 | 0.855 | 1.565 | 0.761
  811 | Bethel (MN)          |   3 | 0.546 | 0.676 | 1.239 | 0.787
  812 | Husson               |   3 | 0.546 | 0.841 | 1.541 | 0.736
  813 | Converse             |   2 | 0.546 | 0.764 | 1.398 | 0.847
  814 | La Verne             |   3 | 0.546 | 0.697 | 1.277 | 0.758
  815 | Haverford            |   3 | 0.545 | 0.701 | 1.285 | 0.796
  816 | Mercy                |   2 | 0.545 | 0.793 | 1.456 | 0.856
  817 | Lees-McRae           |   2 | 0.543 | 0.715 | 1.318 | 0.830
  818 | Clark Atlanta        |   2 | 0.541 | 0.751 | 1.389 | 0.846
  819 | Wis. Lutheran        |   3 | 0.541 | 0.744 | 1.375 | 0.748
  820 | Guilford             |   3 | 0.541 | 0.717 | 1.324 | 0.755
  821 | Mt. St. Vincent      |   3 | 0.541 | 0.744 | 1.376 | 0.724
  822 | Texas-Tyler          |   3 | 0.540 | 0.775 | 1.436 | 0.785
  823 | Bridgewater St.      |   3 | 0.540 | 0.803 | 1.488 | 0.771
  824 | York (PA)            |   3 | 0.540 | 0.760 | 1.407 | 0.789
  825 | Albion               |   3 | 0.540 | 0.645 | 1.195 | 0.791
  826 | West Va. Tech        |   2 | 0.538 | 0.747 | 1.389 | 0.814
  827 | Westminster (MO)     |   3 | 0.535 | 0.718 | 1.343 | 0.742
  828 | Alas. Fairbanks      |   2 | 0.535 | 0.752 | 1.407 | 0.899
  829 | Grove City           |   3 | 0.535 | 0.700 | 1.307 | 0.763
  830 | Beloit               |   3 | 0.535 | 0.683 | 1.275 | 0.790
  831 | Worcester St.        |   3 | 0.534 | 0.662 | 1.239 | 0.767
  832 | Salve Regina         |   3 | 0.534 | 0.702 | 1.315 | 0.744
  833 | Rochester Inst.      |   3 | 0.534 | 0.747 | 1.400 | 0.762
  834 | Cornell College      |   3 | 0.533 | 0.709 | 1.329 | 0.799
  835 | Spalding             |   3 | 0.533 | 0.691 | 1.295 | 0.738
  836 | Averett              |   3 | 0.532 | 0.691 | 1.300 | 0.741
  837 | Westminster (PA)     |   3 | 0.532 | 0.714 | 1.344 | 0.771
  838 | Linfield             |   3 | 0.531 | 0.756 | 1.423 | 0.794
  839 | Carnegie Mellon      |   3 | 0.530 | 0.726 | 1.368 | 0.796
  840 | Southwestern (TX)    |   3 | 0.530 | 0.706 | 1.333 | 0.791
  841 | Wis.-Superior        |   3 | 0.529 | 0.724 | 1.368 | 0.807
  842 | Catholic             |   3 | 0.528 | 0.751 | 1.424 | 0.756
  843 | Benedictine (IL)     |   3 | 0.527 | 0.714 | 1.354 | 0.745
  844 | William Smith        |   3 | 0.527 | 0.786 | 1.492 | 0.776
  845 | Coker                |   2 | 0.527 | 0.751 | 1.424 | 0.843
  846 | Frostburg St.        |   3 | 0.527 | 0.750 | 1.423 | 0.718
  847 | WPI                  |   3 | 0.526 | 0.661 | 1.256 | 0.735
  848 | Mansfield            |   2 | 0.526 | 0.653 | 1.241 | 0.879
  849 | Okla. Panhandle      |   2 | 0.525 | 0.684 | 1.304 | 0.844
  850 | Dallas               |   3 | 0.525 | 0.731 | 1.391 | 0.755
  851 | Wheaton (MA)         |   3 | 0.525 | 0.721 | 1.373 | 0.744
  852 | Hunter               |   3 | 0.525 | 0.738 | 1.406 | 0.726
  853 | Centenary (NJ)       |   3 | 0.524 | 0.903 | 1.724 | 0.717
  854 | Springfield          |   3 | 0.523 | 0.680 | 1.302 | 0.756
  855 | Webster              |   3 | 0.522 | 0.724 | 1.386 | 0.738
  856 | Ohio Valley          |   2 | 0.522 | 0.711 | 1.363 | 0.849
  857 | Alma                 |   3 | 0.522 | 0.734 | 1.406 | 0.795
  858 | Minn.-Morris         |   3 | 0.520 | 0.730 | 1.402 | 0.711
  859 | Western New Eng.     |   3 | 0.520 | 0.711 | 1.367 | 0.715
  860 | Concordia (NY)       |   2 | 0.520 | 0.686 | 1.319 | 0.850
  861 | Central (IA)         |   3 | 0.520 | 0.813 | 1.564 | 0.828
  862 | Lycoming             |   3 | 0.519 | 0.724 | 1.395 | 0.808
  863 | Olivet               |   3 | 0.518 | 0.674 | 1.300 | 0.803
  864 | Blackburn            |   3 | 0.517 | 0.700 | 1.354 | 0.746
  865 | Concordia Chicago    |   3 | 0.516 | 0.643 | 1.245 | 0.730
  866 | Ozarks (AR)          |   3 | 0.516 | 0.755 | 1.462 | 0.779
  867 | Oglethorpe           |   3 | 0.514 | 0.783 | 1.522 | 0.793
  868 | Drew                 |   3 | 0.514 | 0.694 | 1.351 | 0.759
  869 | Northwestern (MN)    |   3 | 0.514 | 0.716 | 1.394 | 0.717
  870 | Allegheny            |   3 | 0.514 | 0.718 | 1.396 | 0.759
  871 | Emerson              |   3 | 0.512 | 0.719 | 1.403 | 0.731
  872 | Salisbury            |   3 | 0.512 | 0.714 | 1.393 | 0.771
  873 | St. Josephs (ME)     |   3 | 0.511 | 0.692 | 1.354 | 0.728
  874 | Wooster              |   3 | 0.510 | 0.701 | 1.376 | 0.752
  875 | Penn St.-Altoona     |   3 | 0.510 | 0.726 | 1.424 | 0.698
  876 | Muskingum            |   3 | 0.509 | 0.725 | 1.424 | 0.783
  877 | Bethany (WV)         |   3 | 0.509 | 0.673 | 1.323 | 0.767
  878 | Milwaukee Engr.      |   3 | 0.509 | 0.677 | 1.328 | 0.738
  879 | Knox                 |   3 | 0.509 | 0.725 | 1.424 | 0.754
  880 | Smith                |   3 | 0.508 | 0.644 | 1.267 | 0.722
  881 | Concordia (TX)       |   3 | 0.508 | 0.765 | 1.504 | 0.773
  882 | Fitchburg St.        |   3 | 0.507 | 0.707 | 1.394 | 0.746
  883 | Oswego St.           |   3 | 0.507 | 0.661 | 1.303 | 0.758
  884 | North Central (IL)   |   3 | 0.506 | 0.746 | 1.473 | 0.811
  885 | Chaminade            |   2 | 0.505 | 0.730 | 1.446 | 0.863
  886 | Rutgers-Newark       |   3 | 0.504 | 0.610 | 1.211 | 0.757
  887 | Gallaudet            |   3 | 0.504 | 0.690 | 1.369 | 0.752
  888 | Anderson (IN)        |   3 | 0.503 | 0.638 | 1.269 | 0.774
  889 | Union (NY)           |   3 | 0.503 | 0.658 | 1.310 | 0.771
  890 | Chatham              |   3 | 0.503 | 0.670 | 1.333 | 0.741
  891 | FDU-Florham          |   3 | 0.502 | 0.683 | 1.360 | 0.756
  892 | Alverno              |   3 | 0.502 | 0.735 | 1.464 | 0.739
  893 | Vassar               |   3 | 0.502 | 0.647 | 1.289 | 0.746
  894 | Brooklyn             |   3 | 0.502 | 0.760 | 1.514 | 0.709
  895 | Rivier               |   3 | 0.500 | 0.710 | 1.419 | 0.718
  896 | Greensboro           |   3 | 0.500 | 0.681 | 1.364 | 0.759
  897 | SUNY Potsdam         |   3 | 0.500 | 0.704 | 1.407 | 0.770
  898 | Westfield St.        |   3 | 0.499 | 0.655 | 1.312 | 0.762
  899 | Whittier             |   3 | 0.498 | 0.736 | 1.478 | 0.729
  900 | Piedmont             |   3 | 0.497 | 0.722 | 1.454 | 0.724
  901 | Fredonia St.         |   3 | 0.495 | 0.714 | 1.443 | 0.761
  902 | Sewanee              |   3 | 0.495 | 0.822 | 1.661 | 0.788
  903 | Heidelberg           |   3 | 0.495 | 0.669 | 1.352 | 0.780
  904 | Wentworth Inst.      |   3 | 0.495 | 0.625 | 1.263 | 0.730
  905 | Rust                 |   3 | 0.494 | 0.815 | 1.649 | 0.758
  906 | Alfred               |   3 | 0.494 | 0.642 | 1.299 | 0.738
  907 | St. Scholastica      |   3 | 0.493 | 0.686 | 1.391 | 0.715
  908 | Colby-Sawyer         |   3 | 0.493 | 0.710 | 1.441 | 0.750
  909 | Mass. Liberal Arts   |   3 | 0.493 | 0.709 | 1.439 | 0.727
  910 | Lynchburg            |   3 | 0.492 | 0.704 | 1.430 | 0.771
  911 | St. Olaf             |   3 | 0.491 | 0.673 | 1.371 | 0.791
  912 | Simmons              |   3 | 0.491 | 0.687 | 1.400 | 0.703
  913 | North Park           |   3 | 0.491 | 0.670 | 1.366 | 0.808
  914 | Nichols              |   3 | 0.491 | 0.733 | 1.493 | 0.729
  915 | UC Santa Cruz        |   3 | 0.490 | 0.694 | 1.417 | 0.790
  916 | Waynesburg           |   3 | 0.490 | 0.690 | 1.406 | 0.767
  917 | La Roche             |   3 | 0.488 | 0.685 | 1.404 | 0.711
  918 | Bluffton             |   3 | 0.488 | 0.727 | 1.492 | 0.759
  919 | Connecticut Col.     |   3 | 0.487 | 0.661 | 1.360 | 0.760
  920 | St. Marys (MN)       |   3 | 0.486 | 0.674 | 1.387 | 0.799
  921 | Staten Island        |   3 | 0.485 | 0.734 | 1.514 | 0.727
  922 | Maine Maritime       |   3 | 0.485 | 0.654 | 1.348 | 0.717
  923 | Pitt.-Bradford       |   3 | 0.485 | 0.717 | 1.478 | 0.725
  924 | Suffolk              |   3 | 0.485 | 0.698 | 1.440 | 0.724
  925 | Grinnell             |   3 | 0.484 | 0.666 | 1.375 | 0.789
  926 | Mt. St. Joseph       |   3 | 0.484 | 0.770 | 1.591 | 0.754
  927 | Augustana (IL)       |   3 | 0.484 | 0.653 | 1.350 | 0.805
  928 | Mary Baldwin         |   3 | 0.483 | 0.669 | 1.386 | 0.748
  929 | Carleton             |   3 | 0.481 | 0.653 | 1.358 | 0.792
  930 | Manchester           |   3 | 0.480 | 0.624 | 1.300 | 0.776
  931 | Lehman               |   3 | 0.480 | 0.671 | 1.396 | 0.749
  932 | Elmira               |   3 | 0.478 | 0.690 | 1.444 | 0.784
  933 | Martin Luther        |   3 | 0.478 | 0.667 | 1.395 | 0.711
  934 | St. Josephs (L.I.)   |   3 | 0.476 | 0.667 | 1.403 | 0.713
  935 | Brockport            |   3 | 0.476 | 0.650 | 1.365 | 0.769
  936 | Goucher              |   3 | 0.476 | 0.611 | 1.282 | 0.778
  937 | Old Westbury         |   3 | 0.476 | 0.756 | 1.588 | 0.687
  938 | Clarke               |   3 | 0.476 | 0.676 | 1.420 | 0.860
  939 | Clarkson             |   3 | 0.472 | 0.714 | 1.513 | 0.775
  940 | Geneva               |   3 | 0.472 | 0.715 | 1.514 | 0.766
  941 | Cobleskill St.       |   3 | 0.471 | 0.638 | 1.353 | 0.690
  942 | Castleton            |   3 | 0.470 | 0.622 | 1.323 | 0.709
  943 | Rockford             |   3 | 0.469 | 0.678 | 1.444 | 0.745
  944 | Presentation         |   3 | 0.469 | 0.674 | 1.436 | 0.702
  945 | Cedar Crest          |   3 | 0.469 | 0.735 | 1.568 | 0.724
  946 | Buffalo St.          |   3 | 0.466 | 0.647 | 1.388 | 0.752
  947 | Purchase St.         |   3 | 0.466 | 0.653 | 1.403 | 0.712
  948 | Wellesley            |   3 | 0.466 | 0.641 | 1.376 | 0.738
  949 | Meredith             |   3 | 0.465 | 0.772 | 1.661 | 0.752
  950 | Keuka                |   3 | 0.465 | 0.652 | 1.401 | 0.683
  951 | Kalamazoo            |   3 | 0.463 | 0.668 | 1.441 | 0.803
  952 | Arcadia              |   3 | 0.462 | 0.629 | 1.362 | 0.771
  953 | SUNYIT               |   3 | 0.462 | 0.688 | 1.489 | 0.683
  954 | York (NY)            |   3 | 0.461 | 0.678 | 1.472 | 0.700
  955 | Emory & Henry        |   3 | 0.460 | 0.684 | 1.487 | 0.765
  956 | Johnson & Wales (RI) |   3 | 0.458 | 0.691 | 1.509 | 0.726
  957 | Willamette           |   3 | 0.456 | 0.636 | 1.395 | 0.817
  958 | Stevenson            |   3 | 0.456 | 0.588 | 1.290 | 0.772
  959 | Penn St.-Berks       |   3 | 0.456 | 0.710 | 1.557 | 0.690
  960 | St. Andrews          |   2 | 0.456 | 0.671 | 1.470 | 0.840
  961 | Lawrence             |   3 | 0.455 | 0.654 | 1.436 | 0.778
  962 | Augsburg             |   3 | 0.455 | 0.743 | 1.631 | 0.792
  963 | Merchant Marine      |   3 | 0.454 | 0.634 | 1.396 | 0.734
  964 | Roger Williams       |   3 | 0.452 | 0.635 | 1.406 | 0.751
  965 | Polytechnic (NY)     |   3 | 0.452 | 0.638 | 1.413 | 0.704
  966 | MacMurray            |   3 | 0.451 | 0.722 | 1.602 | 0.727
  967 | Cazenovia            |   3 | 0.451 | 0.770 | 1.707 | 0.673
  968 | Plattsburgh St.      |   3 | 0.451 | 0.675 | 1.499 | 0.769
  969 | New Jersey City      |   3 | 0.451 | 0.669 | 1.482 | 0.766
  970 | Dominican (IL)       |   3 | 0.449 | 0.699 | 1.556 | 0.725
  971 | Aurora               |   3 | 0.449 | 0.676 | 1.506 | 0.746
  972 | Framingham St.       |   3 | 0.448 | 0.622 | 1.390 | 0.723
  973 | Marietta             |   3 | 0.448 | 0.704 | 1.573 | 0.787
  974 | CCNY                 |   3 | 0.446 | 0.663 | 1.488 | 0.701
  975 | LeTourneau           |   3 | 0.446 | 0.622 | 1.394 | 0.791
  976 | Daniel Webster       |   3 | 0.445 | 0.681 | 1.532 | 0.638
  977 | Eastern              |   3 | 0.444 | 0.587 | 1.321 | 0.757
  978 | Hartwick             |   3 | 0.443 | 0.631 | 1.425 | 0.776
  979 | Agnes Scott          |   3 | 0.442 | 0.612 | 1.384 | 0.707
  980 | Thiel                |   3 | 0.440 | 0.620 | 1.410 | 0.771
  981 | Bethany Lutheran     |   3 | 0.440 | 0.716 | 1.625 | 0.707
  982 | Earlham              |   3 | 0.439 | 0.673 | 1.531 | 0.754
  983 | Peace                |   3 | 0.435 | 0.626 | 1.438 | 0.737
  984 | Greenville           |   3 | 0.435 | 0.631 | 1.450 | 0.722
  985 | Lesley               |   3 | 0.434 | 0.654 | 1.509 | 0.646
  986 | Millsaps             |   3 | 0.433 | 0.630 | 1.455 | 0.790
  987 | Cincinnati-Clermont  |   3 | 0.432 | 0.622 | 1.438 | 0.812
  988 | Curry                |   3 | 0.432 | 0.676 | 1.567 | 0.729
  989 | St. Elizabeth        |   3 | 0.431 | 0.600 | 1.392 | 0.674
  990 | Oberlin              |   3 | 0.431 | 0.643 | 1.492 | 0.755
  991 | Me.-Farmington       |   3 | 0.431 | 0.643 | 1.490 | 0.733
  992 | Mount Holyoke        |   3 | 0.430 | 0.562 | 1.306 | 0.748
  993 | Eureka               |   3 | 0.426 | 0.643 | 1.511 | 0.703
  994 | Hiram                |   3 | 0.426 | 0.613 | 1.437 | 0.758
  995 | Rose-Hulman          |   3 | 0.425 | 0.543 | 1.277 | 0.778
  996 | Clark (MA)           |   3 | 0.425 | 0.644 | 1.514 | 0.752
  997 | Bluefield St.        |   2 | 0.425 | 0.631 | 1.484 | 0.856
  998 | Wilkes               |   3 | 0.423 | 0.651 | 1.540 | 0.778
  999 | Sage Colleges        |   3 | 0.422 | 0.657 | 1.558 | 0.705
 1000 | Eastern Nazarene     |   3 | 0.420 | 0.622 | 1.484 | 0.713
 1001 | Keystone             |   3 | 0.419 | 0.614 | 1.466 | 0.720
 1002 | Mt. Aloysius         |   3 | 0.417 | 0.702 | 1.682 | 0.703
 1003 | Anna Maria           |   3 | 0.417 | 0.585 | 1.403 | 0.677
 1004 | Albertus Magnus      |   3 | 0.415 | 0.653 | 1.572 | 0.693
 1005 | Finlandia            |   3 | 0.410 | 0.688 | 1.680 | 0.746
 1006 | Sul Ross St.         |   3 | 0.409 | 0.635 | 1.554 | 0.786
 1007 | Rosemont             |   3 | 0.408 | 0.622 | 1.524 | 0.729
 1008 | Spelman              |   3 | 0.405 | 0.622 | 1.537 | 0.696
 1009 | DYouville            |   3 | 0.404 | 0.649 | 1.608 | 0.713
 1010 | Lasell               |   3 | 0.404 | 0.610 | 1.511 | 0.705
 1011 | Rutgers-Camden       |   3 | 0.404 | 0.634 | 1.569 | 0.799
 1012 | Coast Guard          |   3 | 0.402 | 0.564 | 1.400 | 0.728
 1013 | Mount Ida            |   3 | 0.402 | 0.682 | 1.698 | 0.693
 1014 | Thomas (ME)          |   3 | 0.397 | 0.746 | 1.879 | 0.721
 1015 | Hood                 |   3 | 0.396 | 0.583 | 1.473 | 0.767
 1016 | Gordon               |   3 | 0.396 | 0.617 | 1.561 | 0.702
 1017 | Fisk                 |   3 | 0.393 | 0.630 | 1.605 | 0.768
 1018 | Salem                |   3 | 0.391 | 0.681 | 1.743 | 0.701
 1019 | Randolph             |   3 | 0.390 | 0.606 | 1.552 | 0.764
 1020 | Pomona-Pitzer        |   3 | 0.390 | 0.613 | 1.570 | 0.760
 1021 | Penn St.-Harrisburg  |   3 | 0.389 | 0.592 | 1.523 | 0.673
 1022 | Schreiner            |   3 | 0.387 | 0.520 | 1.343 | 0.798
 1023 | New England Col.     |   3 | 0.385 | 0.598 | 1.551 | 0.689
 1024 | Maranatha Baptist    |   3 | 0.385 | 0.564 | 1.465 | 0.729
 1025 | Trinity (DC)         |   3 | 0.384 | 0.580 | 1.508 | 0.648
 1026 | Principia            |   3 | 0.383 | 0.591 | 1.542 | 0.728
 1027 | Huntingdon           |   3 | 0.379 | 0.598 | 1.580 | 0.722
 1028 | Hollins              |   3 | 0.378 | 0.659 | 1.742 | 0.762
 1029 | Lyndon St.           |   3 | 0.378 | 0.645 | 1.705 | 0.706
 1030 | MIT                  |   3 | 0.378 | 0.511 | 1.349 | 0.725
 1031 | Mass.-Boston         |   3 | 0.377 | 0.467 | 1.241 | 0.760
 1032 | Bennett              |   3 | 0.371 | 0.548 | 1.478 | 0.691
 1033 | Me.-Presque Isle     |   3 | 0.369 | 0.530 | 1.435 | 0.761
 1034 | Elms                 |   3 | 0.367 | 0.575 | 1.569 | 0.659
 1035 | Phila. Biblical      |   3 | 0.367 | 0.542 | 1.476 | 0.698
 1036 | Mitchell             |   3 | 0.366 | 0.607 | 1.658 | 0.647
 1037 | Johnson St.          |   3 | 0.360 | 0.572 | 1.588 | 0.698
 1038 | St. Josephs (Brkln)  |   3 | 0.358 | 0.585 | 1.631 | 0.643
 1039 | Salem Intl           |   2 | 0.355 | 0.506 | 1.425 | 0.856
 1040 | Bryn Mawr            |   3 | 0.355 | 0.499 | 1.405 | 0.795
 1041 | Green Mountain       |   3 | 0.355 | 0.525 | 1.478 | 0.697
 1042 | Medgar Evers         |   3 | 0.352 | 0.594 | 1.688 | 0.678
 1043 | Baptist Bible (PA)   |   3 | 0.350 | 0.576 | 1.647 | 0.729
 1044 | Marian (WI)          |   3 | 0.346 | 0.563 | 1.627 | 0.732
 1045 | Newbury              |   3 | 0.343 | 0.619 | 1.801 | 0.642
 1046 | Washington Adventist |   2 | 0.339 | 0.517 | 1.523 | 0.850
 1047 | N.C. Wesleyan        |   3 | 0.337 | 0.555 | 1.644 | 0.761
 1048 | Caltech              |   3 | 0.336 | 0.506 | 1.506 | 0.754
 1049 | Lancaster Bible      |   3 | 0.335 | 0.562 | 1.676 | 0.670
 1050 | John Jay             |   3 | 0.329 | 0.554 | 1.683 | 0.749
 1051 | Becker               |   3 | 0.321 | 0.551 | 1.716 | 0.654
 1052 | Penn St.-Abington    |   3 | 0.315 | 0.530 | 1.681 | 0.670
 1053 | City Tech            |   3 | 0.313 | 0.504 | 1.612 | 0.682
 1054 | Morrisville St.      |   3 | 0.311 | 0.486 | 1.565 | 0.669
 1055 | St. Joseph (CT)      |   3 | 0.308 | 0.562 | 1.824 | 0.703
 1056 | La Sierra            |   3 | 0.296 | 0.477 | 1.608 | 0.754
 1057 | Franciscan           |   3 | 0.293 | 0.444 | 1.513 | 0.718
 1058 | Bard                 |   3 | 0.281 | 0.454 | 1.618 | 0.694
 1059 | Wheelock             |   3 | 0.271 | 0.443 | 1.637 | 0.648
 1060 | Mt. Mary             |   3 | 0.267 | 0.502 | 1.880 | 0.695
 1061 | Bay Path             |   3 | 0.266 | 0.434 | 1.632 | 0.641
 1062 | Southern Vt.         |   3 | 0.266 | 0.493 | 1.856 | 0.637
 1063 | Pine Manor           |   3 | 0.252 | 0.473 | 1.876 | 0.686
 1064 | Wesleyan (GA)        |   3 | 0.252 | 0.452 | 1.792 | 0.717
 1065 | North Central (MN)   |   3 | 0.249 | 0.465 | 1.870 | 0.692
 1066 | Notre Dame (MD)      |   3 | 0.243 | 0.396 | 1.634 | 0.725
 1067 | Yeshiva              |   3 | 0.232 | 0.468 | 2.016 | 0.687
 1068 | Wilson               |   3 | 0.229 | 0.384 | 1.675 | 0.685
 1069 | Crown (MN)           |   3 | 0.218 | 0.389 | 1.781 | 0.722
 1070 | Hilbert              |   3 | 0.216 | 0.396 | 1.832 | 0.730
 1071 | Lincoln Christian    |   3 | 0.155 | 0.308 | 1.982 | 0.661
 1072 | New Rochelle         |   3 | 0.150 | 0.291 | 1.940 | 0.662
(1072 rows)

COMMIT
