BEGIN
CREATE TABLE
INSERT 0 1061
  rk  |        school        | div |  str  |  ofs  |  dfs  |  sos  
------+----------------------+-----+-------+-------+-------+-------
    1 | Connecticut          |   1 | 2.147 | 1.404 | 0.654 | 1.122
    2 | Notre Dame           |   1 | 1.968 | 1.464 | 0.744 | 1.128
    3 | Baylor               |   1 | 1.967 | 1.439 | 0.731 | 1.130
    4 | Stanford             |   1 | 1.723 | 1.353 | 0.785 | 1.111
    5 | Duke                 |   1 | 1.687 | 1.320 | 0.782 | 1.100
    6 | Tennessee            |   1 | 1.649 | 1.383 | 0.839 | 1.134
    7 | Miami (FL)           |   1 | 1.616 | 1.328 | 0.822 | 1.077
    8 | Maryland             |   1 | 1.583 | 1.402 | 0.886 | 1.094
    9 | Texas A&M            |   1 | 1.534 | 1.266 | 0.826 | 1.137
   10 | Kentucky             |   1 | 1.495 | 1.284 | 0.859 | 1.081
   11 | Penn St.             |   1 | 1.483 | 1.328 | 0.896 | 1.085
   12 | West Virginia        |   1 | 1.467 | 1.135 | 0.774 | 1.081
   13 | St. Johns (NY)       |   1 | 1.422 | 1.119 | 0.787 | 1.112
   14 | Rutgers              |   1 | 1.418 | 1.125 | 0.793 | 1.116
   15 | Delaware             |   1 | 1.415 | 1.198 | 0.847 | 1.038
   16 | South Carolina       |   1 | 1.411 | 1.064 | 0.754 | 1.076
   17 | Georgia Tech         |   1 | 1.403 | 1.218 | 0.868 | 1.085
   18 | Oklahoma             |   1 | 1.400 | 1.281 | 0.915 | 1.122
   19 | Green Bay            |   1 | 1.400 | 1.224 | 0.874 | 1.019
   20 | Georgetown           |   1 | 1.395 | 1.085 | 0.778 | 1.085
   21 | Princeton            |   1 | 1.394 | 1.178 | 0.845 | 1.008
   22 | California           |   1 | 1.387 | 1.218 | 0.878 | 1.091
   23 | Virginia             |   1 | 1.385 | 1.085 | 0.783 | 1.071
   24 | Ohio St.             |   1 | 1.383 | 1.303 | 0.942 | 1.068
   25 | Louisville           |   1 | 1.372 | 1.206 | 0.879 | 1.091
   26 | LSU                  |   1 | 1.371 | 1.073 | 0.783 | 1.076
   27 | Georgia              |   1 | 1.366 | 1.190 | 0.871 | 1.066
   28 | Iowa St.             |   1 | 1.365 | 1.101 | 0.807 | 1.101
   29 | Vanderbilt           |   1 | 1.357 | 1.242 | 0.915 | 1.073
   30 | Texas                |   1 | 1.356 | 1.212 | 0.894 | 1.107
   31 | Texas Tech           |   1 | 1.356 | 1.159 | 0.854 | 1.095
   32 | DePaul               |   1 | 1.345 | 1.319 | 0.981 | 1.102
   33 | Arkansas             |   1 | 1.344 | 1.075 | 0.799 | 1.071
   34 | Florida              |   1 | 1.339 | 1.194 | 0.892 | 1.094
   35 | Oklahoma St.         |   1 | 1.334 | 1.148 | 0.861 | 1.089
   36 | Temple               |   1 | 1.330 | 1.130 | 0.850 | 1.056
   37 | Kansas St.           |   1 | 1.330 | 1.014 | 0.762 | 1.131
   38 | Purdue               |   1 | 1.328 | 1.110 | 0.836 | 1.087
   39 | Kansas               |   1 | 1.324 | 1.208 | 0.912 | 1.106
   40 | Gonzaga              |   1 | 1.324 | 1.230 | 0.929 | 1.049
   41 | BYU                  |   1 | 1.323 | 1.153 | 0.872 | 1.030
   42 | Nebraska             |   1 | 1.320 | 1.186 | 0.898 | 1.066
   43 | Michigan             |   1 | 1.315 | 1.111 | 0.845 | 1.084
   44 | North Carolina       |   1 | 1.309 | 1.164 | 0.889 | 1.057
   45 | Dayton               |   1 | 1.306 | 1.212 | 0.928 | 1.049
   46 | Michigan St.         |   1 | 1.305 | 1.130 | 0.866 | 1.070
   47 | Florida St.          |   1 | 1.305 | 1.183 | 0.907 | 1.094
   48 | Iowa                 |   1 | 1.300 | 1.241 | 0.954 | 1.081
   49 | Southern California  |   1 | 1.296 | 1.150 | 0.887 | 1.091
   50 | Hampton              |   1 | 1.287 | 1.013 | 0.787 | 0.971
   51 | Syracuse             |   1 | 1.285 | 1.205 | 0.937 | 1.070
   52 | Oregon St.           |   1 | 1.281 | 1.115 | 0.870 | 1.060
   53 | Villanova            |   1 | 1.274 | 1.052 | 0.826 | 1.084
   54 | Arizona St.          |   1 | 1.270 | 0.997 | 0.784 | 1.077
   55 | St. Bonaventure      |   1 | 1.268 | 1.067 | 0.842 | 1.036
   56 | UCLA                 |   1 | 1.262 | 1.124 | 0.890 | 1.102
   57 | Wake Forest          |   1 | 1.248 | 1.168 | 0.935 | 1.071
   58 | South Fla.           |   1 | 1.243 | 1.139 | 0.916 | 1.070
   59 | North Carolina St.   |   1 | 1.235 | 1.161 | 0.940 | 1.074
   60 | San Diego            |   1 | 1.230 | 1.048 | 0.852 | 1.027
   61 | Eastern Mich.        |   1 | 1.216 | 1.098 | 0.903 | 1.014
   62 | Minnesota            |   1 | 1.213 | 1.118 | 0.921 | 1.064
   63 | Drexel               |   1 | 1.212 | 0.993 | 0.820 | 1.040
   64 | Richmond             |   1 | 1.211 | 1.147 | 0.947 | 1.027
   65 | Fla. Gulf Coast      |   1 | 1.211 | 1.112 | 0.918 | 0.953
   66 | Duquesne             |   1 | 1.208 | 1.114 | 0.922 | 1.027
   67 | Utah                 |   1 | 1.208 | 1.028 | 0.851 | 1.064
   68 | UTEP                 |   1 | 1.192 | 1.086 | 0.911 | 0.985
   69 | Fresno St.           |   1 | 1.192 | 1.168 | 0.979 | 0.995
   70 | Missouri St.         |   1 | 1.191 | 1.217 | 1.021 | 1.025
   71 | Washington           |   1 | 1.189 | 1.081 | 0.909 | 1.066
   72 | James Madison        |   1 | 1.187 | 1.040 | 0.876 | 1.032
   73 | San Diego St.        |   1 | 1.186 | 1.046 | 0.882 | 0.992
   74 | St. Josephs          |   1 | 1.185 | 1.108 | 0.935 | 1.038
   75 | Auburn               |   1 | 1.182 | 1.019 | 0.862 | 1.072
   76 | Cincinnati           |   1 | 1.182 | 0.995 | 0.842 | 1.066
   77 | Middle Tenn.         |   1 | 1.181 | 1.090 | 0.923 | 1.011
   78 | Washington St.       |   1 | 1.181 | 1.044 | 0.884 | 1.090
   79 | Missouri             |   1 | 1.173 | 1.085 | 0.925 | 1.098
   80 | Illinois             |   1 | 1.168 | 1.113 | 0.953 | 1.085
   81 | Bowling Green        |   1 | 1.162 | 1.032 | 0.888 | 0.997
   82 | Colorado             |   1 | 1.156 | 1.039 | 0.898 | 1.060
   83 | South Dakota St.     |   1 | 1.155 | 1.062 | 0.920 | 1.005
   84 | Charlotte            |   1 | 1.151 | 1.152 | 1.001 | 1.026
   85 | Creighton            |   1 | 1.151 | 1.022 | 0.888 | 1.039
   86 | Memphis              |   1 | 1.143 | 1.129 | 0.988 | 0.995
   87 | St. Marys (CA)       |   1 | 1.138 | 1.084 | 0.952 | 1.044
   88 | Arizona              |   1 | 1.138 | 1.149 | 1.010 | 1.050
   89 | Alas. Anchorage      |   2 | 1.137 | 1.078 | 0.948 | 0.896
   90 | Toledo               |   1 | 1.136 | 1.005 | 0.885 | 1.017
   91 | Illinois St.         |   1 | 1.130 | 1.142 | 1.010 | 1.027
   92 | Northwestern         |   1 | 1.129 | 1.104 | 0.978 | 1.076
   93 | Marist               |   1 | 1.127 | 1.055 | 0.936 | 0.997
   94 | Seattle              |   1 | 1.125 | 1.125 | 1.000 | 1.003
   95 | Hofstra              |   1 | 1.125 | 1.256 | 1.116 | 1.035
   96 | Marquette            |   1 | 1.123 | 1.026 | 0.914 | 1.074
   97 | Wichita St.          |   1 | 1.123 | 1.035 | 0.921 | 1.016
   98 | Boston U.            |   1 | 1.121 | 0.995 | 0.888 | 0.991
   99 | UNLV                 |   1 | 1.119 | 1.028 | 0.919 | 1.008
  100 | Tulane               |   1 | 1.111 | 1.014 | 0.913 | 0.999
  101 | McNeese St.          |   1 | 1.109 | 1.019 | 0.919 | 0.970
  102 | Cal Poly             |   1 | 1.105 | 1.166 | 1.055 | 1.000
  103 | Liberty              |   1 | 1.105 | 1.042 | 0.943 | 0.963
  104 | Eastern Ill.         |   1 | 1.097 | 1.073 | 0.978 | 0.964
  105 | Detroit              |   1 | 1.096 | 1.077 | 0.983 | 1.018
  106 | Howard               |   1 | 1.091 | 0.952 | 0.873 | 0.993
  107 | TCU                  |   1 | 1.089 | 0.993 | 0.912 | 0.999
  108 | UAB                  |   1 | 1.089 | 0.885 | 0.813 | 0.989
  109 | Providence           |   1 | 1.089 | 0.983 | 0.903 | 1.078
  110 | UT Martin            |   1 | 1.088 | 1.215 | 1.117 | 0.973
  111 | Wisconsin            |   1 | 1.088 | 1.030 | 0.946 | 1.087
  112 | Oregon               |   1 | 1.085 | 1.217 | 1.121 | 1.068
  113 | Oral Roberts         |   1 | 1.084 | 1.148 | 1.059 | 0.992
  114 | Albany (NY)          |   1 | 1.076 | 0.953 | 0.886 | 0.985
  115 | Pacific              |   1 | 1.075 | 1.130 | 1.051 | 1.020
  116 | South Dakota         |   1 | 1.074 | 0.951 | 0.885 | 0.985
  117 | Mississippi St.      |   1 | 1.072 | 0.979 | 0.914 | 1.061
  118 | Central Ark.         |   1 | 1.072 | 0.967 | 0.902 | 0.975
  119 | Ill.-Chicago         |   1 | 1.071 | 1.021 | 0.953 | 1.006
  120 | Miami (OH)           |   1 | 1.071 | 1.079 | 1.008 | 0.999
  121 | FIU                  |   1 | 1.070 | 1.000 | 0.934 | 0.979
  122 | Sacred Heart         |   1 | 1.069 | 1.029 | 0.963 | 0.974
  123 | VCU                  |   1 | 1.063 | 1.045 | 0.983 | 1.026
  124 | Wright St.           |   1 | 1.062 | 1.083 | 1.020 | 0.996
  125 | Quinnipiac           |   1 | 1.062 | 1.099 | 1.035 | 0.985
  126 | UNI                  |   1 | 1.058 | 1.057 | 1.000 | 1.019
  127 | Seton Hall           |   1 | 1.057 | 0.953 | 0.901 | 1.084
  128 | Davidson             |   1 | 1.057 | 0.999 | 0.945 | 0.961
  129 | La Salle             |   1 | 1.055 | 1.028 | 0.974 | 1.041
  130 | Central Mich.        |   1 | 1.052 | 1.161 | 1.104 | 1.009
  131 | Eastern Wash.        |   1 | 1.052 | 1.051 | 0.999 | 1.006
  132 | Chattanooga          |   1 | 1.048 | 1.010 | 0.964 | 0.977
  133 | Hartford             |   1 | 1.047 | 0.951 | 0.909 | 1.002
  134 | Utah St.             |   1 | 1.046 | 1.109 | 1.061 | 0.981
  135 | Drake                |   1 | 1.046 | 0.987 | 0.943 | 1.026
  136 | Harvard              |   1 | 1.046 | 1.067 | 1.019 | 0.999
  137 | UALR                 |   1 | 1.043 | 0.934 | 0.896 | 1.005
  138 | Bradley              |   1 | 1.042 | 1.096 | 1.051 | 1.012
  139 | Idaho St.            |   1 | 1.041 | 0.946 | 0.909 | 0.993
  140 | Appalachian St.      |   1 | 1.037 | 1.044 | 1.007 | 0.963
  141 | Colorado St.         |   1 | 1.036 | 0.994 | 0.960 | 1.010
  142 | Alabama              |   1 | 1.036 | 1.031 | 0.995 | 1.053
  143 | UC Davis             |   1 | 1.034 | 0.995 | 0.962 | 1.010
  144 | Montana St.          |   1 | 1.034 | 1.070 | 1.035 | 1.001
  145 | Long Island          |   1 | 1.033 | 0.995 | 0.963 | 0.975
  146 | Cal St. Northridge   |   1 | 1.033 | 1.042 | 1.009 | 1.005
  147 | American             |   1 | 1.032 | 0.924 | 0.896 | 0.975
  148 | UMKC                 |   1 | 1.032 | 1.128 | 1.093 | 0.983
  149 | South Ala.           |   1 | 1.032 | 0.926 | 0.897 | 0.975
  150 | Denver               |   1 | 1.028 | 0.976 | 0.949 | 0.991
  151 | UC Santa Barbara     |   1 | 1.028 | 0.826 | 0.804 | 1.011
  152 | UNC Wilmington       |   1 | 1.028 | 1.012 | 0.984 | 1.028
  153 | Clayton St.          |   2 | 1.022 | 1.023 | 1.001 | 0.885
  154 | North Texas          |   1 | 1.022 | 0.966 | 0.945 | 0.982
  155 | George Mason         |   1 | 1.021 | 1.017 | 0.996 | 1.010
  156 | Montana              |   1 | 1.021 | 0.945 | 0.926 | 0.992
  157 | Loyola (IL)          |   1 | 1.021 | 1.051 | 1.029 | 1.006
  158 | Coppin St.           |   1 | 1.020 | 1.001 | 0.981 | 0.974
  159 | Marshall             |   1 | 1.020 | 0.957 | 0.938 | 0.985
  160 | Boston College       |   1 | 1.018 | 1.019 | 1.000 | 1.085
  161 | Robert Morris        |   1 | 1.016 | 1.048 | 1.032 | 0.972
  162 | Rice                 |   1 | 1.015 | 0.969 | 0.955 | 0.977
  163 | Fairfield            |   1 | 1.013 | 0.886 | 0.875 | 0.973
  164 | George Washington    |   1 | 1.013 | 0.968 | 0.956 | 1.014
  165 | Xavier               |   1 | 1.012 | 1.015 | 1.003 | 1.056
  166 | Edinboro             |   2 | 1.012 | 1.023 | 1.011 | 0.881
  167 | Akron                |   1 | 1.011 | 1.184 | 1.171 | 1.007
  168 | Indiana St.          |   1 | 1.010 | 1.001 | 0.991 | 1.026
  169 | Pepperdine           |   1 | 1.010 | 0.990 | 0.980 | 1.038
  170 | Washburn             |   2 | 1.009 | 0.982 | 0.973 | 0.921
  171 | Mississippi          |   1 | 1.008 | 0.971 | 0.963 | 1.040
  172 | Florida A&M          |   1 | 1.007 | 1.090 | 1.082 | 0.950
  173 | Ashland              |   2 | 1.006 | 1.073 | 1.066 | 0.913
  174 | Amherst              |   3 | 1.004 | 0.974 | 0.970 | 0.814
  175 | Yale                 |   1 | 1.004 | 1.071 | 1.067 | 0.986
  176 | Tulsa                |   1 | 1.002 | 0.978 | 0.977 | 0.995
  177 | SMU                  |   1 | 1.000 | 0.964 | 0.964 | 1.004
  178 | UC San Diego         |   2 | 0.999 | 1.123 | 1.124 | 0.898
  179 | High Point           |   1 | 0.998 | 1.055 | 1.057 | 0.970
  180 | UMBC                 |   1 | 0.996 | 0.999 | 1.003 | 0.993
  181 | Fort Lewis           |   2 | 0.994 | 1.080 | 1.086 | 0.883
  182 | Northeastern St.     |   2 | 0.994 | 0.897 | 0.902 | 0.916
  183 | Portland             |   1 | 0.993 | 1.026 | 1.033 | 1.036
  184 | Santa Clara          |   1 | 0.992 | 1.054 | 1.063 | 1.026
  185 | Northeastern         |   1 | 0.991 | 1.036 | 1.046 | 1.037
  186 | Cal St. Fullerton    |   1 | 0.988 | 0.953 | 0.965 | 0.992
  187 | Louisiana Tech       |   1 | 0.987 | 1.045 | 1.059 | 0.992
  188 | Northern Colo.       |   1 | 0.986 | 0.936 | 0.949 | 0.989
  189 | SIU Edwardsville     |   1 | 0.985 | 0.981 | 0.995 | 0.976
  190 | William & Mary       |   1 | 0.982 | 1.111 | 1.131 | 1.012
  191 | Indiana              |   1 | 0.980 | 0.994 | 1.015 | 1.070
  192 | North Dakota         |   1 | 0.980 | 1.000 | 1.020 | 0.943
  193 | Fordham              |   1 | 0.979 | 0.869 | 0.887 | 1.013
  194 | Pittsburgh           |   1 | 0.979 | 1.010 | 1.032 | 1.093
  195 | Bentley              |   2 | 0.979 | 1.008 | 1.029 | 0.898
  196 | Wayne St. (NE)       |   2 | 0.977 | 0.950 | 0.972 | 0.916
  197 | Youngstown St.       |   1 | 0.977 | 1.059 | 1.083 | 1.000
  198 | Virginia Tech        |   1 | 0.975 | 0.872 | 0.894 | 1.080
  199 | Towson               |   1 | 0.975 | 0.949 | 0.974 | 1.025
  200 | St. Louis            |   1 | 0.974 | 0.958 | 0.983 | 1.018
  201 | Butler               |   1 | 0.969 | 0.933 | 0.963 | 1.011
  202 | Mississippi Val.     |   1 | 0.968 | 1.043 | 1.077 | 0.965
  203 | Sam Houston St.      |   1 | 0.967 | 0.967 | 1.000 | 0.954
  204 | Lehigh               |   1 | 0.966 | 0.961 | 0.995 | 0.976
  205 | Wyoming              |   1 | 0.966 | 0.940 | 0.973 | 0.998
  206 | IUPUI                |   1 | 0.965 | 0.922 | 0.955 | 0.984
  207 | Clemson              |   1 | 0.964 | 0.930 | 0.964 | 1.066
  208 | Portland St.         |   1 | 0.964 | 1.082 | 1.122 | 0.989
  209 | Northern Ill.        |   1 | 0.963 | 0.878 | 0.912 | 1.007
  210 | Holy Cross           |   1 | 0.961 | 1.032 | 1.075 | 0.987
  211 | Ohio                 |   1 | 0.960 | 0.926 | 0.965 | 0.994
  212 | Samford              |   1 | 0.960 | 0.957 | 0.997 | 0.973
  213 | Stetson              |   1 | 0.960 | 1.026 | 1.069 | 0.947
  214 | Boise St.            |   1 | 0.959 | 1.071 | 1.116 | 0.995
  215 | Navy                 |   1 | 0.958 | 0.874 | 0.912 | 0.973
  216 | Emporia St.          |   2 | 0.957 | 0.979 | 1.023 | 0.933
  217 | Manhattan            |   1 | 0.956 | 0.895 | 0.936 | 0.966
  218 | Stephen F. Austin    |   1 | 0.955 | 0.986 | 1.032 | 0.950
  219 | Old Dominion         |   1 | 0.952 | 1.030 | 1.081 | 1.036
  220 | Brown                |   1 | 0.952 | 0.957 | 1.005 | 0.958
  221 | Wis.-Parkside        |   2 | 0.950 | 0.963 | 1.014 | 0.908
  222 | Campbell             |   1 | 0.947 | 0.964 | 1.019 | 0.937
  223 | Rollins              |   2 | 0.945 | 0.966 | 1.023 | 0.907
  224 | Southern Ill.        |   1 | 0.944 | 1.016 | 1.076 | 1.010
  225 | Metro St.            |   2 | 0.944 | 0.955 | 1.012 | 0.887
  226 | UC Irvine            |   1 | 0.942 | 1.018 | 1.081 | 0.997
  227 | Loyola Maryland      |   1 | 0.941 | 0.948 | 1.007 | 0.976
  228 | Pittsburg St.        |   2 | 0.941 | 1.012 | 1.074 | 0.937
  229 | UCF                  |   1 | 0.938 | 0.902 | 0.961 | 1.006
  230 | Winthrop             |   1 | 0.938 | 1.049 | 1.118 | 0.946
  231 | Oakland              |   1 | 0.938 | 0.902 | 0.962 | 1.002
  232 | Monmouth             |   1 | 0.937 | 0.972 | 1.037 | 0.978
  233 | Army                 |   1 | 0.936 | 0.905 | 0.967 | 0.957
  234 | Milwaukee            |   1 | 0.933 | 0.954 | 1.022 | 1.022
  235 | New Mexico           |   1 | 0.932 | 0.880 | 0.943 | 0.992
  236 | Central Conn. St.    |   1 | 0.930 | 0.925 | 0.994 | 0.975
  237 | Augustana (SD)       |   2 | 0.930 | 1.097 | 1.179 | 0.919
  238 | St. Francis (PA)     |   1 | 0.927 | 1.028 | 1.109 | 0.994
  239 | Truman               |   2 | 0.926 | 0.990 | 1.069 | 0.929
  240 | S.C. Aiken           |   2 | 0.925 | 0.918 | 0.992 | 0.887
  241 | Penn                 |   1 | 0.924 | 0.871 | 0.943 | 0.996
  242 | Fla. Southern        |   2 | 0.922 | 0.984 | 1.068 | 0.894
  243 | Massachusetts        |   1 | 0.922 | 0.961 | 1.043 | 1.016
  244 | Northern Ky.         |   2 | 0.922 | 0.854 | 0.927 | 0.901
  245 | East Carolina        |   1 | 0.921 | 0.933 | 1.013 | 0.988
  246 | New Hampshire        |   1 | 0.920 | 0.960 | 1.044 | 0.972
  247 | Fla. Atlantic        |   1 | 0.920 | 0.921 | 1.001 | 0.987
  248 | Western Ky.          |   1 | 0.920 | 0.927 | 1.008 | 1.007
  249 | Cal St. Bakersfield  |   1 | 0.918 | 1.116 | 1.215 | 1.030
  250 | Lander               |   2 | 0.917 | 1.033 | 1.126 | 0.897
  251 | Alabama A&M          |   1 | 0.917 | 0.916 | 0.999 | 0.944
  252 | Fort Hays St.        |   2 | 0.916 | 0.976 | 1.066 | 0.928
  253 | San Francisco        |   1 | 0.915 | 1.013 | 1.107 | 1.029
  254 | Indianapolis         |   2 | 0.915 | 0.989 | 1.081 | 0.919
  255 | Vermont              |   1 | 0.915 | 0.978 | 1.070 | 0.976
  256 | Quincy               |   2 | 0.913 | 1.016 | 1.113 | 0.910
  257 | Radford              |   1 | 0.913 | 0.983 | 1.077 | 0.950
  258 | N.C. A&T             |   1 | 0.913 | 1.061 | 1.163 | 0.952
  259 | La.-Monroe           |   1 | 0.912 | 0.975 | 1.070 | 0.990
  260 | Tennessee Tech       |   1 | 0.910 | 0.967 | 1.063 | 0.965
  261 | Buffalo              |   1 | 0.908 | 1.009 | 1.111 | 1.018
  262 | Southern Miss.       |   1 | 0.906 | 0.995 | 1.099 | 1.002
  263 | Northern Ariz.       |   1 | 0.905 | 1.026 | 1.134 | 0.987
  264 | North Dakota St.     |   1 | 0.904 | 0.948 | 1.049 | 1.012
  265 | Long Beach St.       |   1 | 0.903 | 0.943 | 1.044 | 0.997
  266 | Georgia St.          |   1 | 0.899 | 0.990 | 1.102 | 1.012
  267 | Sacramento St.       |   1 | 0.899 | 1.120 | 1.246 | 1.001
  268 | Elon                 |   1 | 0.898 | 0.986 | 1.098 | 0.959
  269 | Charleston So.       |   1 | 0.896 | 1.084 | 1.209 | 0.957
  270 | San Jose St.         |   1 | 0.896 | 0.986 | 1.101 | 0.978
  271 | Loyola Marymount     |   1 | 0.896 | 0.958 | 1.069 | 1.027
  272 | Eastern Ky.          |   1 | 0.896 | 0.947 | 1.058 | 0.958
  273 | Md.-East. Shore      |   1 | 0.895 | 0.815 | 0.910 | 0.968
  274 | West Tex. A&M        |   2 | 0.895 | 0.953 | 1.064 | 0.895
  275 | Arkansas St.         |   1 | 0.895 | 0.941 | 1.052 | 0.995
  276 | Central Mo.          |   2 | 0.894 | 0.973 | 1.088 | 0.933
  277 | Binghamton           |   1 | 0.894 | 0.858 | 0.960 | 0.984
  278 | Mt. St. Marys        |   1 | 0.894 | 0.934 | 1.044 | 0.971
  279 | Minn. Duluth         |   2 | 0.890 | 0.920 | 1.034 | 0.901
  280 | Valparaiso           |   1 | 0.887 | 0.813 | 0.917 | 1.010
  281 | Furman               |   1 | 0.885 | 0.985 | 1.113 | 0.961
  282 | Southern U.          |   1 | 0.885 | 0.884 | 0.999 | 0.938
  283 | Michigan Tech        |   2 | 0.885 | 0.940 | 1.062 | 0.887
  284 | Hawaii               |   1 | 0.884 | 0.935 | 1.058 | 1.003
  285 | Lamar                |   1 | 0.883 | 0.912 | 1.032 | 0.973
  286 | Nicholls St.         |   1 | 0.883 | 1.000 | 1.132 | 0.962
  287 | Seattle Pacific      |   2 | 0.881 | 1.021 | 1.158 | 0.894
  288 | Bryant               |   1 | 0.879 | 0.949 | 1.080 | 0.957
  289 | Arkansas Tech        |   2 | 0.879 | 1.049 | 1.193 | 0.859
  290 | Siena                |   1 | 0.878 | 0.938 | 1.068 | 0.964
  291 | Western Wash.        |   2 | 0.878 | 1.008 | 1.148 | 0.918
  292 | Idaho                |   1 | 0.877 | 0.955 | 1.089 | 0.995
  293 | Iona                 |   1 | 0.877 | 1.017 | 1.160 | 0.974
  294 | Cornell              |   1 | 0.877 | 0.878 | 1.002 | 0.970
  295 | Wingate              |   2 | 0.875 | 0.993 | 1.135 | 0.907
  296 | Canisius             |   1 | 0.875 | 0.928 | 1.061 | 0.972
  297 | Western Mich.        |   1 | 0.875 | 1.007 | 1.151 | 0.998
  298 | IPFW                 |   1 | 0.874 | 0.992 | 1.135 | 1.005
  299 | Winona St.           |   2 | 0.874 | 0.900 | 1.029 | 0.893
  300 | Grand Canyon         |   2 | 0.873 | 0.863 | 0.989 | 0.846
  301 | Mary                 |   2 | 0.873 | 0.984 | 1.127 | 0.921
  302 | East Tenn. St.       |   1 | 0.873 | 1.022 | 1.170 | 0.973
  303 | Shaw                 |   2 | 0.872 | 1.020 | 1.169 | 0.885
  304 | UTSA                 |   1 | 0.872 | 0.892 | 1.023 | 0.980
  305 | Ball St.             |   1 | 0.872 | 0.921 | 1.057 | 0.995
  306 | Fairleigh Dickinson  |   1 | 0.871 | 0.914 | 1.049 | 0.975
  307 | Delta St.            |   2 | 0.869 | 0.858 | 0.987 | 0.863
  308 | Indiana (PA)         |   2 | 0.869 | 0.877 | 1.009 | 0.874
  309 | Prairie View         |   1 | 0.868 | 0.917 | 1.056 | 0.971
  310 | Drury                |   2 | 0.868 | 0.940 | 1.083 | 0.913
  311 | Nevada               |   1 | 0.868 | 1.050 | 1.209 | 0.993
  312 | Cleveland St.        |   1 | 0.867 | 0.949 | 1.094 | 1.002
  313 | Grambling            |   1 | 0.866 | 0.950 | 1.098 | 0.955
  314 | Ferris St.           |   2 | 0.866 | 0.925 | 1.068 | 0.909
  315 | Colorado St.-Pueblo  |   2 | 0.865 | 0.906 | 1.048 | 0.880
  316 | Evansville           |   1 | 0.864 | 0.866 | 1.003 | 1.014
  317 | Nova Southeastern    |   2 | 0.863 | 0.911 | 1.055 | 0.897
  318 | Western Ill.         |   1 | 0.863 | 1.040 | 1.205 | 0.997
  319 | Holy Family          |   2 | 0.862 | 0.944 | 1.096 | 0.856
  320 | Morehead St.         |   1 | 0.861 | 0.998 | 1.159 | 0.974
  321 | Gannon               |   2 | 0.860 | 0.961 | 1.117 | 0.875
  322 | Tarleton St.         |   2 | 0.860 | 0.990 | 1.151 | 0.889
  323 | Newman               |   2 | 0.858 | 0.953 | 1.110 | 0.891
  324 | Dowling              |   2 | 0.858 | 0.819 | 0.954 | 0.867
  325 | Florida Tech         |   2 | 0.858 | 0.952 | 1.109 | 0.903
  326 | Austin Peay          |   1 | 0.857 | 1.010 | 1.178 | 0.973
  327 | Cal Poly Pomona      |   2 | 0.857 | 0.926 | 1.080 | 0.889
  328 | Central Okla.        |   2 | 0.856 | 1.006 | 1.175 | 0.918
  329 | Calvin               |   3 | 0.856 | 0.884 | 1.033 | 0.792
  330 | Southeastern La.     |   1 | 0.855 | 0.940 | 1.099 | 0.952
  331 | Tiffin               |   2 | 0.854 | 0.932 | 1.091 | 0.884
  332 | DePauw               |   3 | 0.854 | 0.842 | 0.986 | 0.784
  333 | Texas St.            |   1 | 0.852 | 1.001 | 1.174 | 0.945
  334 | Franklin Pierce      |   2 | 0.850 | 0.953 | 1.121 | 0.898
  335 | Midwestern St.       |   2 | 0.850 | 1.004 | 1.181 | 0.892
  336 | Niagara              |   1 | 0.849 | 0.873 | 1.028 | 0.977
  337 | Lafayette            |   1 | 0.847 | 0.866 | 1.023 | 0.979
  338 | Murray St.           |   1 | 0.847 | 1.022 | 1.206 | 0.965
  339 | Southern Conn. St.   |   2 | 0.847 | 0.933 | 1.102 | 0.885
  340 | Mont. St. Billings   |   2 | 0.847 | 0.905 | 1.069 | 0.892
  341 | Weber St.            |   1 | 0.846 | 0.972 | 1.148 | 0.995
  342 | Babson               |   3 | 0.846 | 0.908 | 1.073 | 0.775
  343 | Tusculum             |   2 | 0.845 | 0.919 | 1.087 | 0.909
  344 | George Fox           |   3 | 0.845 | 0.876 | 1.036 | 0.813
  345 | Norfolk St.          |   1 | 0.844 | 0.990 | 1.172 | 0.958
  346 | Rider                |   1 | 0.843 | 0.895 | 1.061 | 0.963
  347 | Ark.-Fort Smith      |   2 | 0.842 | 0.977 | 1.161 | 0.890
  348 | Johnson C. Smith     |   2 | 0.841 | 0.921 | 1.095 | 0.876
  349 | Chicago              |   3 | 0.841 | 0.930 | 1.106 | 0.819
  350 | Belmont              |   1 | 0.840 | 0.834 | 0.993 | 0.958
  351 | UC Riverside         |   1 | 0.839 | 0.881 | 1.050 | 1.009
  352 | Colgate              |   1 | 0.839 | 0.940 | 1.119 | 0.977
  353 | Kennesaw St.         |   1 | 0.838 | 0.937 | 1.119 | 0.940
  354 | Minn. St. Mankato    |   2 | 0.838 | 0.923 | 1.101 | 0.922
  355 | Jackson St.          |   1 | 0.838 | 0.851 | 1.017 | 0.919
  356 | Western Caro.        |   1 | 0.834 | 0.807 | 0.968 | 0.948
  357 | Utah Valley          |   1 | 0.834 | 0.884 | 1.060 | 0.939
  358 | Morgan St.           |   1 | 0.833 | 1.029 | 1.235 | 0.981
  359 | C.W. Post            |   2 | 0.830 | 1.016 | 1.224 | 0.865
  360 | Southern Utah        |   1 | 0.830 | 0.932 | 1.123 | 1.001
  361 | Pace                 |   2 | 0.829 | 0.870 | 1.050 | 0.889
  362 | New Mexico St.       |   1 | 0.829 | 0.835 | 1.008 | 0.993
  363 | Lenoir-Rhyne         |   2 | 0.827 | 0.951 | 1.150 | 0.874
  364 | Missouri S&T         |   2 | 0.827 | 0.885 | 1.070 | 0.881
  365 | Neb.-Omaha           |   2 | 0.827 | 0.897 | 1.084 | 0.936
  366 | West Chester         |   2 | 0.827 | 1.007 | 1.218 | 0.873
  367 | Tennessee St.        |   1 | 0.827 | 1.006 | 1.216 | 0.970
  368 | Carson-Newman        |   2 | 0.826 | 0.937 | 1.135 | 0.903
  369 | Southwestern Okla.   |   2 | 0.825 | 1.053 | 1.276 | 0.893
  370 | Cal St. Chico        |   2 | 0.824 | 0.941 | 1.141 | 0.891
  371 | Bucknell             |   1 | 0.824 | 0.820 | 0.996 | 0.974
  372 | Columbus St.         |   2 | 0.823 | 0.901 | 1.095 | 0.885
  373 | Northwest Nazarene   |   2 | 0.822 | 0.917 | 1.116 | 0.915
  374 | Kent St.             |   1 | 0.820 | 0.917 | 1.118 | 0.999
  375 | Wofford              |   1 | 0.819 | 0.896 | 1.093 | 0.944
  376 | Glenville St.        |   2 | 0.819 | 1.217 | 1.485 | 0.851
  377 | Cal St. L.A.         |   2 | 0.818 | 0.982 | 1.201 | 0.898
  378 | Tufts                |   3 | 0.818 | 0.771 | 0.943 | 0.816
  379 | Alcorn St.           |   1 | 0.818 | 0.864 | 1.056 | 0.955
  380 | Bloomsburg           |   2 | 0.817 | 0.985 | 1.205 | 0.862
  381 | North Florida        |   1 | 0.817 | 0.845 | 1.034 | 0.947
  382 | Hawaii Pacific       |   2 | 0.816 | 0.983 | 1.206 | 0.850
  383 | California (PA)      |   2 | 0.816 | 0.971 | 1.190 | 0.883
  384 | Minn. St. Moorhead   |   2 | 0.816 | 0.984 | 1.206 | 0.918
  385 | Barry                |   2 | 0.815 | 0.885 | 1.085 | 0.900
  386 | St. Rose             |   2 | 0.814 | 0.834 | 1.024 | 0.880
  387 | Jacksonville         |   1 | 0.813 | 0.949 | 1.167 | 0.953
  388 | Mary Washington      |   3 | 0.813 | 0.761 | 0.936 | 0.769
  389 | Wis.-Stevens Point   |   3 | 0.811 | 0.897 | 1.105 | 0.820
  390 | Harding              |   2 | 0.811 | 0.885 | 1.092 | 0.874
  391 | Cal St. Monterey Bay |   2 | 0.810 | 0.890 | 1.099 | 0.892
  392 | Ga. Southwestern     |   2 | 0.810 | 1.000 | 1.234 | 0.884
  393 | Presbyterian         |   1 | 0.810 | 0.775 | 0.957 | 0.959
  394 | Hillsdale            |   2 | 0.807 | 0.925 | 1.146 | 0.915
  395 | Northern St.         |   2 | 0.807 | 0.851 | 1.055 | 0.905
  396 | A&M-Corpus Christi   |   1 | 0.807 | 0.946 | 1.172 | 0.952
  397 | Ouachita Baptist     |   2 | 0.806 | 1.006 | 1.249 | 0.874
  398 | Humboldt St.         |   2 | 0.806 | 0.922 | 1.145 | 0.882
  399 | St. Cloud St.        |   2 | 0.805 | 0.887 | 1.101 | 0.915
  400 | Tex.-Pan American    |   1 | 0.805 | 0.830 | 1.030 | 0.959
  401 | Lake Erie            |   2 | 0.804 | 0.921 | 1.145 | 0.890
  402 | Incarnate Word       |   2 | 0.803 | 0.857 | 1.068 | 0.890
  403 | Dist. Columbia       |   2 | 0.803 | 0.906 | 1.128 | 0.861
  404 | Coastal Caro.        |   1 | 0.803 | 0.835 | 1.040 | 0.916
  405 | Limestone            |   2 | 0.803 | 0.935 | 1.165 | 0.843
  406 | Eckerd               |   2 | 0.800 | 0.884 | 1.105 | 0.896
  407 | NJIT                 |   1 | 0.799 | 0.870 | 1.088 | 0.922
  408 | Findlay              |   2 | 0.799 | 0.928 | 1.162 | 0.907
  409 | Lincoln Memorial     |   2 | 0.798 | 0.986 | 1.237 | 0.882
  410 | Tex. Permian Basin   |   2 | 0.798 | 0.919 | 1.152 | 0.862
  411 | Maryville (MO)       |   2 | 0.798 | 0.929 | 1.163 | 0.900
  412 | Lincoln (MO)         |   2 | 0.797 | 0.946 | 1.187 | 0.932
  413 | Southern N.H.        |   2 | 0.797 | 0.871 | 1.093 | 0.880
  414 | Ill. Wesleyan        |   3 | 0.794 | 1.012 | 1.274 | 0.842
  415 | Catawba              |   2 | 0.794 | 0.901 | 1.136 | 0.896
  416 | St. Josephs (IN)     |   2 | 0.793 | 0.982 | 1.239 | 0.912
  417 | Alabama St.          |   1 | 0.793 | 0.833 | 1.051 | 0.940
  418 | Concordia-St. Paul   |   2 | 0.793 | 0.913 | 1.152 | 0.916
  419 | Ala.-Huntsville      |   2 | 0.792 | 1.070 | 1.352 | 0.864
  420 | St. Marys (TX)       |   2 | 0.790 | 0.868 | 1.098 | 0.899
  421 | Col. of Charleston   |   1 | 0.790 | 0.749 | 0.949 | 0.981
  422 | Dixie St.            |   2 | 0.789 | 0.974 | 1.234 | 0.856
  423 | Cameron              |   2 | 0.789 | 0.839 | 1.064 | 0.887
  424 | Northwestern St.     |   1 | 0.788 | 0.991 | 1.257 | 0.960
  425 | Longwood             |   1 | 0.788 | 0.878 | 1.114 | 0.995
  426 | Valdosta St.         |   2 | 0.788 | 0.833 | 1.056 | 0.874
  427 | Dartmouth            |   1 | 0.787 | 0.847 | 1.076 | 1.002
  428 | St. Peters           |   1 | 0.787 | 0.851 | 1.082 | 0.973
  429 | Winston-Salem        |   2 | 0.787 | 0.951 | 1.209 | 0.862
  430 | Assumption           |   2 | 0.786 | 0.944 | 1.201 | 0.878
  431 | Rhode Island         |   1 | 0.784 | 0.822 | 1.050 | 1.021
  432 | Bellarmine           |   2 | 0.783 | 1.003 | 1.282 | 0.896
  433 | Wis.-Eau Claire      |   3 | 0.782 | 0.809 | 1.035 | 0.826
  434 | Barton               |   2 | 0.782 | 0.933 | 1.193 | 0.849
  435 | Ky. Wesleyan         |   2 | 0.782 | 0.991 | 1.268 | 0.902
  436 | Williams             |   3 | 0.782 | 0.877 | 1.121 | 0.825
  437 | Ga. Southern         |   1 | 0.779 | 0.792 | 1.016 | 0.958
  438 | UC-Colo. Springs     |   2 | 0.778 | 0.885 | 1.138 | 0.889
  439 | Maine                |   1 | 0.777 | 0.852 | 1.096 | 0.966
  440 | Western St.          |   2 | 0.775 | 0.960 | 1.238 | 0.886
  441 | UNC Pembroke         |   2 | 0.774 | 0.811 | 1.048 | 0.884
  442 | South Carolina St.   |   1 | 0.772 | 0.903 | 1.170 | 0.946
  443 | St. Thomas (MN)      |   3 | 0.772 | 0.838 | 1.085 | 0.812
  444 | Mo. Western St.      |   2 | 0.771 | 0.947 | 1.229 | 0.932
  445 | Concord              |   2 | 0.770 | 0.925 | 1.202 | 0.841
  446 | Newberry             |   2 | 0.770 | 0.820 | 1.064 | 0.896
  447 | Savannah St.         |   1 | 0.770 | 0.762 | 0.989 | 0.955
  448 | Texas Womans         |   2 | 0.769 | 0.821 | 1.068 | 0.886
  449 | Rochester (NY)       |   3 | 0.768 | 0.861 | 1.121 | 0.805
  450 | Wis.-Whitewater      |   3 | 0.768 | 0.913 | 1.190 | 0.824
  451 | Southeast Mo. St.    |   1 | 0.768 | 0.784 | 1.020 | 0.975
  452 | Bethune-Cookman      |   1 | 0.768 | 0.847 | 1.103 | 0.944
  453 | Mars Hill            |   2 | 0.767 | 0.958 | 1.249 | 0.888
  454 | Fort Valley St.      |   2 | 0.767 | 0.919 | 1.198 | 0.835
  455 | Carthage             |   3 | 0.765 | 0.835 | 1.091 | 0.834
  456 | Rhode Island Col.    |   3 | 0.765 | 0.846 | 1.105 | 0.778
  457 | Millersville         |   2 | 0.764 | 0.844 | 1.105 | 0.859
  458 | Air Force            |   1 | 0.763 | 0.868 | 1.137 | 0.998
  459 | S.C. Upstate         |   1 | 0.762 | 0.905 | 1.188 | 0.957
  460 | Delaware St.         |   1 | 0.762 | 0.868 | 1.140 | 0.956
  461 | Mo. Southern St.     |   2 | 0.762 | 0.907 | 1.191 | 0.934
  462 | Texas-Arlington      |   1 | 0.762 | 0.841 | 1.104 | 0.967
  463 | St. Michaels         |   2 | 0.761 | 0.827 | 1.087 | 0.882
  464 | Wm. Paterson         |   3 | 0.761 | 0.949 | 1.246 | 0.792
  465 | Anderson (SC)        |   2 | 0.761 | 0.868 | 1.140 | 0.893
  466 | Abilene Christian    |   2 | 0.761 | 0.978 | 1.285 | 0.889
  467 | St. Francis (NY)     |   1 | 0.760 | 0.762 | 1.003 | 0.967
  468 | West Va. Wesleyan    |   2 | 0.760 | 0.967 | 1.272 | 0.852
  469 | Angelo St.           |   2 | 0.759 | 0.823 | 1.084 | 0.891
  470 | Sonoma St.           |   2 | 0.758 | 0.784 | 1.033 | 0.898
  471 | Grand Valley St.     |   2 | 0.757 | 0.801 | 1.058 | 0.902
  472 | Mount Union          |   3 | 0.757 | 0.903 | 1.193 | 0.797
  473 | Houston              |   1 | 0.756 | 0.882 | 1.166 | 1.010
  474 | Stony Brook          |   1 | 0.755 | 0.705 | 0.933 | 0.986
  475 | Colo. Christian      |   2 | 0.754 | 0.928 | 1.229 | 0.896
  476 | North Greenville     |   2 | 0.753 | 0.902 | 1.197 | 0.831
  477 | Central Wash.        |   2 | 0.753 | 0.966 | 1.282 | 0.902
  478 | Wis.-River Falls     |   3 | 0.751 | 0.842 | 1.121 | 0.829
  479 | La.-Lafayette        |   1 | 0.750 | 0.841 | 1.120 | 0.980
  480 | Mesa St.             |   2 | 0.750 | 0.884 | 1.179 | 0.884
  481 | Shepherd             |   2 | 0.749 | 0.882 | 1.177 | 0.852
  482 | Mercyhurst           |   2 | 0.749 | 0.823 | 1.098 | 0.877
  483 | Northern Mich.       |   2 | 0.749 | 0.851 | 1.136 | 0.887
  484 | Columbia             |   1 | 0.749 | 0.826 | 1.102 | 0.977
  485 | St. Thomas Aquinas   |   2 | 0.748 | 0.793 | 1.060 | 0.854
  486 | USP                  |   2 | 0.747 | 0.845 | 1.131 | 0.849
  487 | Shippensburg         |   2 | 0.747 | 0.853 | 1.141 | 0.865
  488 | Southwest Baptist    |   2 | 0.745 | 0.911 | 1.223 | 0.932
  489 | UNC Asheville        |   1 | 0.745 | 0.965 | 1.296 | 0.944
  490 | Wayne St. (MI)       |   2 | 0.744 | 0.949 | 1.276 | 0.905
  491 | Colorado Mines       |   2 | 0.743 | 0.866 | 1.166 | 0.898
  492 | Lewis                |   2 | 0.743 | 0.947 | 1.275 | 0.917
  493 | Philadelphia U.      |   2 | 0.742 | 0.900 | 1.213 | 0.822
  494 | Wagner               |   1 | 0.741 | 0.849 | 1.146 | 0.977
  495 | American Intl        |   2 | 0.740 | 0.820 | 1.108 | 0.890
  496 | Tampa                |   2 | 0.739 | 0.803 | 1.087 | 0.907
  497 | Academy of Art       |   2 | 0.739 | 0.912 | 1.234 | 0.859
  498 | Cal St. San Bdino    |   2 | 0.738 | 0.817 | 1.107 | 0.895
  499 | Stonehill            |   2 | 0.736 | 0.870 | 1.183 | 0.886
  500 | Colby                |   3 | 0.736 | 0.822 | 1.116 | 0.799
  501 | Fairmont St.         |   2 | 0.735 | 0.926 | 1.261 | 0.845
  502 | Lewis & Clark        |   3 | 0.734 | 0.862 | 1.175 | 0.810
  503 | Minn.-Crookston      |   2 | 0.733 | 0.903 | 1.232 | 0.920
  504 | Northwest Mo. St.    |   2 | 0.732 | 0.877 | 1.198 | 0.941
  505 | St. Anselm           |   2 | 0.732 | 0.735 | 1.004 | 0.865
  506 | Washington-St. Louis |   3 | 0.732 | 0.846 | 1.156 | 0.817
  507 | Regis (CO)           |   2 | 0.732 | 0.856 | 1.169 | 0.883
  508 | Ark.-Monticello      |   2 | 0.729 | 0.866 | 1.187 | 0.886
  509 | Henderson St.        |   2 | 0.728 | 0.896 | 1.231 | 0.870
  510 | NYIT                 |   2 | 0.727 | 0.915 | 1.259 | 0.852
  511 | Whitman              |   3 | 0.727 | 0.849 | 1.168 | 0.805
  512 | Southwest Minn. St.  |   2 | 0.727 | 0.855 | 1.176 | 0.916
  513 | UNC Greensboro       |   1 | 0.725 | 0.791 | 1.090 | 0.972
  514 | Lynn                 |   2 | 0.724 | 0.820 | 1.133 | 0.897
  515 | Ithaca               |   3 | 0.723 | 0.775 | 1.072 | 0.777
  516 | Mercer               |   1 | 0.723 | 0.903 | 1.248 | 0.967
  517 | Northwood (MI)       |   2 | 0.722 | 0.866 | 1.200 | 0.885
  518 | Felician             |   2 | 0.722 | 0.861 | 1.192 | 0.830
  519 | Mass.-Lowell         |   2 | 0.722 | 0.906 | 1.254 | 0.892
  520 | Neb.-Kearney         |   2 | 0.720 | 0.876 | 1.217 | 0.898
  521 | Hawaii Hilo          |   2 | 0.720 | 0.734 | 1.018 | 0.865
  522 | N.M. Highlands       |   2 | 0.719 | 0.903 | 1.256 | 0.879
  523 | Cal St. East Bay     |   2 | 0.719 | 0.781 | 1.086 | 0.885
  524 | Virginia St.         |   2 | 0.718 | 0.824 | 1.148 | 0.831
  525 | Lipscomb             |   1 | 0.718 | 0.866 | 1.206 | 0.948
  526 | Southern Ind.        |   2 | 0.717 | 0.841 | 1.173 | 0.886
  527 | Southeastern Okla.   |   2 | 0.717 | 0.904 | 1.261 | 0.892
  528 | Augusta St.          |   2 | 0.716 | 0.795 | 1.111 | 0.870
  529 | Troy                 |   1 | 0.714 | 0.788 | 1.104 | 0.973
  530 | North Ga.            |   2 | 0.713 | 0.861 | 1.208 | 0.891
  531 | Goldey-Beacom        |   2 | 0.712 | 0.869 | 1.220 | 0.832
  532 | Mo.-St. Louis        |   2 | 0.711 | 0.876 | 1.232 | 0.901
  533 | Chicago St.          |   1 | 0.711 | 0.832 | 1.171 | 0.967
  534 | Gust. Adolphus       |   3 | 0.711 | 0.841 | 1.182 | 0.801
  535 | Stillman             |   2 | 0.711 | 0.831 | 1.169 | 0.829
  536 | Thomas More          |   3 | 0.710 | 0.861 | 1.213 | 0.767
  537 | Caldwell             |   2 | 0.709 | 0.882 | 1.244 | 0.835
  538 | Montevallo           |   2 | 0.709 | 0.798 | 1.126 | 0.883
  539 | Ill.-Springfield     |   2 | 0.708 | 0.952 | 1.345 | 0.895
  540 | Kean                 |   3 | 0.708 | 0.937 | 1.323 | 0.813
  541 | Palm Beach Atl.      |   2 | 0.707 | 0.794 | 1.123 | 0.910
  542 | Messiah              |   3 | 0.706 | 0.778 | 1.102 | 0.777
  543 | Mount Olive          |   2 | 0.706 | 0.862 | 1.222 | 0.830
  544 | Chadron St.          |   2 | 0.705 | 0.866 | 1.228 | 0.899
  545 | Juniata              |   3 | 0.705 | 0.843 | 1.195 | 0.777
  546 | Elizabeth City St.   |   2 | 0.703 | 0.815 | 1.159 | 0.860
  547 | Bemidji St.          |   2 | 0.703 | 0.907 | 1.291 | 0.915
  548 | Louisiana Col.       |   3 | 0.703 | 1.030 | 1.465 | 0.776
  549 | Brevard              |   2 | 0.703 | 0.825 | 1.174 | 0.892
  550 | Francis Marion       |   2 | 0.702 | 0.808 | 1.152 | 0.872
  551 | Western Ore.         |   2 | 0.702 | 0.837 | 1.191 | 0.919
  552 | Benedict             |   2 | 0.701 | 0.782 | 1.116 | 0.830
  553 | West Fla.            |   2 | 0.701 | 0.836 | 1.192 | 0.872
  554 | West Ala.            |   2 | 0.701 | 0.815 | 1.163 | 0.877
  555 | Johns Hopkins        |   3 | 0.697 | 0.785 | 1.126 | 0.772
  556 | Davis & Elkins       |   2 | 0.697 | 0.831 | 1.192 | 0.858
  557 | Bowdoin              |   3 | 0.697 | 0.820 | 1.176 | 0.806
  558 | Simpson              |   3 | 0.696 | 0.940 | 1.350 | 0.812
  559 | Wheaton (IL)         |   3 | 0.695 | 0.805 | 1.159 | 0.809
  560 | West Ga.             |   2 | 0.694 | 0.777 | 1.119 | 0.882
  561 | York (PA)            |   3 | 0.694 | 0.819 | 1.180 | 0.782
  562 | Emory                |   3 | 0.694 | 0.914 | 1.318 | 0.806
  563 | Chris. Newport       |   3 | 0.693 | 0.764 | 1.102 | 0.768
  564 | Hope                 |   3 | 0.692 | 0.812 | 1.174 | 0.779
  565 | North Ala.           |   2 | 0.691 | 0.817 | 1.183 | 0.862
  566 | Coker                |   2 | 0.691 | 0.901 | 1.304 | 0.834
  567 | Bloomfield           |   2 | 0.691 | 0.798 | 1.155 | 0.837
  568 | Eastern N.M.         |   2 | 0.691 | 0.822 | 1.190 | 0.895
  569 | Gardner-Webb         |   1 | 0.690 | 0.782 | 1.134 | 0.973
  570 | Pitt.-Johnstown      |   2 | 0.689 | 0.881 | 1.280 | 0.847
  571 | Jacksonville St.     |   1 | 0.688 | 0.839 | 1.220 | 0.952
  572 | Texas Southern       |   1 | 0.686 | 0.735 | 1.071 | 0.952
  573 | Coe                  |   3 | 0.686 | 0.857 | 1.250 | 0.806
  574 | Bridgeport           |   2 | 0.685 | 0.857 | 1.252 | 0.868
  575 | Pfeiffer             |   2 | 0.685 | 0.923 | 1.347 | 0.836
  576 | Virginia Union       |   2 | 0.684 | 0.805 | 1.177 | 0.876
  577 | West Liberty         |   2 | 0.683 | 0.857 | 1.254 | 0.854
  578 | Muhlenberg           |   3 | 0.681 | 0.878 | 1.289 | 0.773
  579 | Tuskegee             |   2 | 0.681 | 0.826 | 1.213 | 0.830
  580 | Adelphi              |   2 | 0.680 | 0.871 | 1.282 | 0.885
  581 | St. Vincent          |   3 | 0.680 | 0.855 | 1.258 | 0.764
  582 | Molloy               |   2 | 0.680 | 0.820 | 1.206 | 0.858
  583 | St. Augustines       |   2 | 0.679 | 0.862 | 1.270 | 0.864
  584 | Catholic             |   3 | 0.678 | 0.771 | 1.137 | 0.766
  585 | St. Norbert          |   3 | 0.678 | 0.792 | 1.168 | 0.759
  586 | East Central         |   2 | 0.678 | 0.895 | 1.320 | 0.900
  587 | Lock Haven           |   2 | 0.678 | 0.865 | 1.276 | 0.877
  588 | Merrimack            |   2 | 0.677 | 0.861 | 1.272 | 0.895
  589 | Ohio Northern        |   3 | 0.675 | 0.822 | 1.218 | 0.795
  590 | Wis. Lutheran        |   3 | 0.674 | 0.832 | 1.235 | 0.769
  591 | Lebanon Valley       |   3 | 0.673 | 0.766 | 1.138 | 0.768
  592 | Charleston (WV)      |   2 | 0.672 | 0.851 | 1.265 | 0.849
  593 | Armstrong Atlantic   |   2 | 0.672 | 0.848 | 1.263 | 0.879
  594 | Maryville (TN)       |   3 | 0.671 | 0.751 | 1.119 | 0.769
  595 | Wis.-La Crosse       |   3 | 0.671 | 0.778 | 1.158 | 0.826
  596 | Seton Hill           |   2 | 0.671 | 0.840 | 1.252 | 0.855
  597 | Tex. A&M Intl        |   2 | 0.669 | 0.927 | 1.386 | 0.867
  598 | New Haven            |   2 | 0.668 | 0.903 | 1.352 | 0.895
  599 | Tex. A&M-Kingsville  |   2 | 0.667 | 0.898 | 1.346 | 0.887
  600 | Ferrum               |   3 | 0.666 | 0.939 | 1.410 | 0.771
  601 | Queens (NC)          |   2 | 0.666 | 0.820 | 1.231 | 0.844
  602 | Southern Me.         |   3 | 0.666 | 0.871 | 1.307 | 0.791
  603 | Belmont Abbey        |   2 | 0.666 | 0.773 | 1.160 | 0.838
  604 | San Fran. St.        |   2 | 0.665 | 0.727 | 1.093 | 0.899
  605 | Franklin             |   3 | 0.665 | 0.762 | 1.146 | 0.755
  606 | Alas. Fairbanks      |   2 | 0.664 | 0.889 | 1.339 | 0.906
  607 | La Roche             |   3 | 0.664 | 0.748 | 1.126 | 0.715
  608 | Buffalo St.          |   3 | 0.663 | 0.782 | 1.179 | 0.751
  609 | St. Edwards          |   2 | 0.662 | 0.838 | 1.265 | 0.896
  610 | Le Moyne             |   2 | 0.662 | 0.792 | 1.197 | 0.888
  611 | Wartburg             |   3 | 0.662 | 0.786 | 1.187 | 0.796
  612 | Lake Superior St.    |   2 | 0.661 | 0.780 | 1.179 | 0.882
  613 | Centre               |   3 | 0.661 | 0.861 | 1.302 | 0.774
  614 | Bowie St.            |   2 | 0.660 | 0.789 | 1.196 | 0.870
  615 | Rutgers-Newark       |   3 | 0.659 | 0.734 | 1.114 | 0.770
  616 | Clarion              |   2 | 0.657 | 0.861 | 1.310 | 0.883
  617 | Piedmont             |   3 | 0.657 | 0.820 | 1.249 | 0.739
  618 | Chowan               |   2 | 0.656 | 0.785 | 1.195 | 0.859
  619 | Kutztown             |   2 | 0.654 | 0.838 | 1.281 | 0.863
  620 | Saginaw Valley       |   2 | 0.654 | 0.749 | 1.146 | 0.908
  621 | Westminster (MO)     |   3 | 0.653 | 0.784 | 1.202 | 0.752
  622 | Upper Iowa           |   2 | 0.652 | 0.868 | 1.330 | 0.915
  623 | Montclair St.        |   3 | 0.652 | 0.840 | 1.288 | 0.791
  624 | Capital              |   3 | 0.652 | 0.797 | 1.222 | 0.801
  625 | Adams St.            |   2 | 0.651 | 0.770 | 1.183 | 0.888
  626 | Clark Atlanta        |   2 | 0.651 | 0.824 | 1.264 | 0.826
  627 | Case                 |   3 | 0.650 | 0.756 | 1.163 | 0.814
  628 | Hanover              |   3 | 0.649 | 0.882 | 1.358 | 0.755
  629 | Loras                |   3 | 0.649 | 0.734 | 1.132 | 0.802
  630 | St. Martins          |   2 | 0.649 | 0.735 | 1.133 | 0.903
  631 | Elmhurst             |   3 | 0.648 | 0.801 | 1.237 | 0.798
  632 | St. Lawrence         |   3 | 0.648 | 0.820 | 1.266 | 0.763
  633 | U New England        |   3 | 0.647 | 0.800 | 1.237 | 0.745
  634 | Miles                |   2 | 0.647 | 0.753 | 1.164 | 0.829
  635 | Dominican (NY)       |   2 | 0.647 | 0.749 | 1.158 | 0.837
  636 | Concordia (TX)       |   3 | 0.646 | 0.794 | 1.231 | 0.773
  637 | Wesleyan (CT)        |   3 | 0.646 | 0.743 | 1.149 | 0.802
  638 | Rockhurst            |   2 | 0.646 | 0.733 | 1.134 | 0.912
  639 | Misericordia         |   3 | 0.645 | 0.778 | 1.206 | 0.789
  640 | Greensboro           |   3 | 0.644 | 0.803 | 1.247 | 0.765
  641 | Ohio Valley          |   2 | 0.644 | 0.840 | 1.305 | 0.846
  642 | New Paltz St.        |   3 | 0.644 | 0.793 | 1.232 | 0.780
  643 | Fayetteville St.     |   2 | 0.642 | 0.811 | 1.262 | 0.843
  644 | Mt. St. Mary (NY)    |   3 | 0.641 | 0.735 | 1.147 | 0.754
  645 | Albany St. (GA)      |   2 | 0.641 | 0.872 | 1.360 | 0.837
  646 | West Virginia St.    |   2 | 0.640 | 0.905 | 1.414 | 0.850
  647 | Keene St.            |   3 | 0.639 | 0.736 | 1.153 | 0.781
  648 | TCNJ                 |   3 | 0.639 | 0.754 | 1.180 | 0.795
  649 | Hartwick             |   3 | 0.639 | 0.741 | 1.159 | 0.766
  650 | Ark.-Pine Bluff      |   1 | 0.638 | 0.795 | 1.247 | 0.985
  651 | Otterbein            |   3 | 0.637 | 0.809 | 1.270 | 0.785
  652 | N.C. Central         |   1 | 0.637 | 0.766 | 1.202 | 0.955
  653 | Widener              |   3 | 0.636 | 0.847 | 1.332 | 0.775
  654 | Texas-Dallas         |   3 | 0.636 | 0.710 | 1.117 | 0.764
  655 | Howard Payne         |   3 | 0.636 | 0.838 | 1.319 | 0.759
  656 | St. Leo              |   2 | 0.636 | 0.766 | 1.204 | 0.902
  657 | Kings (PA)           |   3 | 0.635 | 0.762 | 1.199 | 0.787
  658 | Mansfield            |   2 | 0.635 | 0.850 | 1.340 | 0.867
  659 | St. Olaf             |   3 | 0.635 | 0.775 | 1.220 | 0.795
  660 | Millikin             |   3 | 0.635 | 0.830 | 1.307 | 0.818
  661 | East. Mennonite      |   3 | 0.635 | 0.821 | 1.292 | 0.745
  662 | Va. Wesleyan         |   3 | 0.634 | 0.792 | 1.249 | 0.760
  663 | Albion               |   3 | 0.633 | 0.783 | 1.236 | 0.783
  664 | McMurry              |   3 | 0.633 | 0.743 | 1.173 | 0.774
  665 | Puget Sound          |   3 | 0.632 | 0.825 | 1.304 | 0.807
  666 | Concordia-Mhead      |   3 | 0.631 | 0.758 | 1.202 | 0.793
  667 | East Stroudsburg     |   2 | 0.631 | 0.759 | 1.203 | 0.862
  668 | Penn St.-Behrend     |   3 | 0.630 | 0.739 | 1.174 | 0.716
  669 | Kenyon               |   3 | 0.630 | 0.816 | 1.294 | 0.775
  670 | Slippery Rock        |   2 | 0.630 | 0.780 | 1.239 | 0.884
  671 | Baruch               |   3 | 0.630 | 0.825 | 1.308 | 0.757
  672 | Cal St. Dom. Hills   |   2 | 0.629 | 0.734 | 1.166 | 0.901
  673 | Georgia College      |   2 | 0.627 | 0.715 | 1.141 | 0.898
  674 | Livingstone          |   2 | 0.626 | 0.902 | 1.440 | 0.860
  675 | Medaille             |   3 | 0.625 | 0.742 | 1.186 | 0.732
  676 | Smith                |   3 | 0.625 | 0.793 | 1.269 | 0.755
  677 | Vassar               |   3 | 0.625 | 0.815 | 1.304 | 0.751
  678 | Denison              |   3 | 0.624 | 0.753 | 1.207 | 0.777
  679 | Oneonta St.          |   3 | 0.624 | 0.719 | 1.152 | 0.778
  680 | Bates                |   3 | 0.623 | 0.866 | 1.391 | 0.791
  681 | SUNY Geneseo         |   3 | 0.622 | 0.745 | 1.198 | 0.759
  682 | Notre Dame de Namur  |   2 | 0.621 | 0.785 | 1.264 | 0.847
  683 | Kentucky St.         |   2 | 0.619 | 0.772 | 1.247 | 0.828
  684 | Gettysburg           |   3 | 0.619 | 0.710 | 1.147 | 0.770
  685 | LeMoyne-Owen         |   2 | 0.618 | 0.876 | 1.418 | 0.828
  686 | Cal St. Stanislaus   |   2 | 0.618 | 0.830 | 1.343 | 0.889
  687 | Bethel (MN)          |   3 | 0.618 | 0.738 | 1.194 | 0.797
  688 | DeSales              |   3 | 0.617 | 0.773 | 1.253 | 0.796
  689 | Frank. & Marsh.      |   3 | 0.616 | 0.755 | 1.225 | 0.773
  690 | Eastern              |   3 | 0.615 | 0.831 | 1.351 | 0.775
  691 | Erskine              |   2 | 0.615 | 0.831 | 1.351 | 0.837
  692 | Rensselaer           |   3 | 0.614 | 0.776 | 1.264 | 0.754
  693 | St. Benedict         |   3 | 0.614 | 0.802 | 1.306 | 0.782
  694 | Augsburg             |   3 | 0.613 | 0.705 | 1.149 | 0.787
  695 | Central St. (OH)     |   2 | 0.613 | 0.851 | 1.390 | 0.808
  696 | Whitworth            |   3 | 0.612 | 0.901 | 1.471 | 0.802
  697 | Scranton             |   3 | 0.612 | 0.760 | 1.242 | 0.776
  698 | Western Conn. St.    |   3 | 0.610 | 0.779 | 1.276 | 0.776
  699 | Post                 |   2 | 0.610 | 0.882 | 1.445 | 0.820
  700 | Richard Stockton     |   3 | 0.610 | 0.846 | 1.387 | 0.793
  701 | Texas Wesleyan       |   3 | 0.609 | 0.781 | 1.282 | 0.793
  702 | Moravian             |   3 | 0.609 | 0.808 | 1.326 | 0.770
  703 | Okla. Panhandle      |   2 | 0.608 | 1.144 | 1.881 | 0.890
  704 | Bridgewater St.      |   3 | 0.608 | 0.832 | 1.367 | 0.779
  705 | Emmanuel (MA)        |   3 | 0.607 | 0.811 | 1.336 | 0.769
  706 | Connecticut Col.     |   3 | 0.607 | 0.738 | 1.216 | 0.776
  707 | P.R.-Bayamon         |   2 | 0.607 | 0.746 | 1.228 | 0.888
  708 | Skidmore             |   3 | 0.606 | 0.709 | 1.170 | 0.749
  709 | Baldwin-Wallace      |   3 | 0.605 | 0.737 | 1.218 | 0.797
  710 | Cornell College      |   3 | 0.605 | 0.775 | 1.280 | 0.801
  711 | LaGrange             |   3 | 0.605 | 0.899 | 1.487 | 0.750
  712 | Neb. Wesleyan        |   3 | 0.604 | 0.775 | 1.283 | 0.741
  713 | Waynesburg           |   3 | 0.604 | 0.795 | 1.317 | 0.741
  714 | Gwynedd-Mercy        |   3 | 0.602 | 0.830 | 1.379 | 0.735
  715 | Guilford             |   3 | 0.601 | 0.772 | 1.285 | 0.755
  716 | Chestnut Hill        |   2 | 0.601 | 0.757 | 1.260 | 0.837
  717 | BYU-Hawaii           |   2 | 0.600 | 0.834 | 1.391 | 0.881
  718 | St. Marys (MN)       |   3 | 0.599 | 0.725 | 1.210 | 0.806
  719 | Claflin              |   2 | 0.599 | 0.775 | 1.294 | 0.830
  720 | Ramapo               |   3 | 0.599 | 0.772 | 1.288 | 0.755
  721 | Wis.-Superior        |   3 | 0.598 | 0.819 | 1.370 | 0.808
  722 | Lees-McRae           |   2 | 0.598 | 0.775 | 1.296 | 0.830
  723 | Wittenberg           |   3 | 0.597 | 0.797 | 1.334 | 0.784
  724 | North Park           |   3 | 0.596 | 0.724 | 1.215 | 0.806
  725 | St. Marys (IN)       |   3 | 0.596 | 0.826 | 1.385 | 0.798
  726 | Dubuque              |   3 | 0.595 | 0.770 | 1.293 | 0.796
  727 | Washington Col.      |   3 | 0.594 | 0.760 | 1.280 | 0.762
  728 | Union (NY)           |   3 | 0.593 | 0.691 | 1.164 | 0.742
  729 | Occidental           |   3 | 0.592 | 0.697 | 1.176 | 0.736
  730 | St. Josephs (ME)     |   3 | 0.590 | 0.734 | 1.244 | 0.724
  731 | P.R.-Rio Piedras     |   2 | 0.590 | 0.646 | 1.095 | 0.942
  732 | King (TN)            |   2 | 0.589 | 0.728 | 1.236 | 0.839
  733 | Concordia (WI)       |   3 | 0.588 | 0.730 | 1.241 | 0.759
  734 | SUNY Cortland        |   3 | 0.587 | 0.822 | 1.401 | 0.772
  735 | Christian Bros.      |   2 | 0.586 | 0.686 | 1.172 | 0.881
  736 | Hardin-Simmons       |   3 | 0.586 | 0.788 | 1.344 | 0.765
  737 | Southern Ark.        |   2 | 0.586 | 0.821 | 1.400 | 0.897
  738 | Trinity (CT)         |   3 | 0.585 | 0.760 | 1.298 | 0.806
  739 | New York U.          |   3 | 0.585 | 0.727 | 1.243 | 0.805
  740 | Millsaps             |   3 | 0.584 | 0.691 | 1.184 | 0.764
  741 | Bluefield St.        |   2 | 0.583 | 0.776 | 1.331 | 0.851
  742 | Tex. A&M-Commerce    |   2 | 0.583 | 0.789 | 1.354 | 0.892
  743 | Wheeling Jesuit      |   2 | 0.582 | 0.768 | 1.321 | 0.843
  744 | Salve Regina         |   3 | 0.582 | 0.684 | 1.176 | 0.730
  745 | FDU-Florham          |   3 | 0.582 | 0.797 | 1.370 | 0.779
  746 | Lincoln (PA)         |   2 | 0.581 | 0.752 | 1.294 | 0.845
  747 | Chapman              |   3 | 0.581 | 0.804 | 1.383 | 0.777
  748 | Eureka               |   3 | 0.581 | 0.853 | 1.469 | 0.741
  749 | Rhodes               |   3 | 0.580 | 0.741 | 1.279 | 0.768
  750 | Alderson-Broaddus    |   2 | 0.580 | 0.706 | 1.218 | 0.840
  751 | Ripon                |   3 | 0.580 | 0.703 | 1.212 | 0.763
  752 | Redlands             |   3 | 0.579 | 0.734 | 1.268 | 0.736
  753 | Manchester           |   3 | 0.578 | 0.641 | 1.111 | 0.760
  754 | Monmouth (IL)        |   3 | 0.578 | 0.836 | 1.447 | 0.762
  755 | Buena Vista          |   3 | 0.577 | 0.797 | 1.380 | 0.778
  756 | Rowan                |   3 | 0.576 | 0.779 | 1.352 | 0.785
  757 | Mercy                |   2 | 0.575 | 0.829 | 1.442 | 0.862
  758 | Haverford            |   3 | 0.575 | 0.657 | 1.144 | 0.759
  759 | Pacific (OR)         |   3 | 0.574 | 0.731 | 1.274 | 0.782
  760 | Stevens Institute    |   3 | 0.574 | 0.699 | 1.219 | 0.777
  761 | Augustana (IL)       |   3 | 0.573 | 0.737 | 1.285 | 0.799
  762 | Georgian Court       |   2 | 0.573 | 0.788 | 1.374 | 0.832
  763 | Birmingham-So.       |   3 | 0.572 | 0.758 | 1.326 | 0.760
  764 | Elizabethtown        |   3 | 0.572 | 0.741 | 1.296 | 0.766
  765 | Randolph-Macon       |   3 | 0.572 | 0.831 | 1.452 | 0.766
  766 | Castleton            |   3 | 0.571 | 0.710 | 1.244 | 0.683
  767 | Mississippi Col.     |   3 | 0.571 | 0.698 | 1.223 | 0.773
  768 | Carroll (WI)         |   3 | 0.571 | 0.748 | 1.311 | 0.764
  769 | Carnegie Mellon      |   3 | 0.570 | 0.762 | 1.338 | 0.815
  770 | Marywood             |   3 | 0.570 | 0.739 | 1.297 | 0.722
  771 | Wis.-Platteville     |   3 | 0.569 | 0.762 | 1.341 | 0.833
  772 | Wis.-Oshkosh         |   3 | 0.569 | 0.737 | 1.296 | 0.820
  773 | Macalester           |   3 | 0.568 | 0.735 | 1.294 | 0.798
  774 | Spalding             |   3 | 0.568 | 0.711 | 1.253 | 0.746
  775 | Paine                |   2 | 0.568 | 0.761 | 1.339 | 0.833
  776 | Cal Lutheran         |   3 | 0.567 | 0.717 | 1.264 | 0.753
  777 | Brooklyn             |   3 | 0.567 | 0.682 | 1.203 | 0.702
  778 | Wilmington (OH)      |   3 | 0.567 | 0.739 | 1.304 | 0.793
  779 | Concordia (NY)       |   2 | 0.566 | 0.821 | 1.452 | 0.829
  780 | Salisbury            |   3 | 0.563 | 0.701 | 1.243 | 0.769
  781 | Methodist            |   3 | 0.561 | 0.694 | 1.237 | 0.762
  782 | Manhattanville       |   3 | 0.561 | 0.774 | 1.379 | 0.793
  783 | Marymount (VA)       |   3 | 0.560 | 0.723 | 1.292 | 0.775
  784 | William Smith        |   3 | 0.559 | 0.777 | 1.390 | 0.762
  785 | Wash. & Lee          |   3 | 0.558 | 0.741 | 1.328 | 0.770
  786 | Delaware Valley      |   3 | 0.557 | 0.783 | 1.406 | 0.771
  787 | Rust                 |   3 | 0.557 | 0.699 | 1.255 | 0.777
  788 | Brandeis             |   3 | 0.556 | 0.681 | 1.225 | 0.818
  789 | Texas-Tyler          |   3 | 0.556 | 0.786 | 1.413 | 0.773
  790 | Ursinus              |   3 | 0.555 | 0.720 | 1.296 | 0.768
  791 | Farmingdale St.      |   3 | 0.552 | 0.654 | 1.186 | 0.748
  792 | Southwestern (TX)    |   3 | 0.552 | 0.835 | 1.514 | 0.767
  793 | Houston Baptist      |   1 | 0.551 | 0.684 | 1.242 | 0.947
  794 | Wash. & Jeff.        |   3 | 0.551 | 0.750 | 1.360 | 0.754
  795 | Bridgewater (VA)     |   3 | 0.550 | 0.722 | 1.313 | 0.754
  796 | Marian (WI)          |   3 | 0.549 | 0.775 | 1.411 | 0.746
  797 | Westfield St.        |   3 | 0.548 | 0.723 | 1.319 | 0.755
  798 | Old Westbury         |   3 | 0.548 | 0.776 | 1.416 | 0.717
  799 | Lane                 |   2 | 0.548 | 0.753 | 1.374 | 0.829
  800 | Flagler              |   2 | 0.548 | 0.718 | 1.310 | 0.896
  801 | Muskingum            |   3 | 0.547 | 0.743 | 1.359 | 0.788
  802 | Pacific Lutheran     |   3 | 0.546 | 0.730 | 1.337 | 0.811
  803 | Lakeland             |   3 | 0.546 | 0.760 | 1.394 | 0.745
  804 | Adrian               |   3 | 0.545 | 0.663 | 1.216 | 0.778
  805 | Colorado Col.        |   3 | 0.545 | 0.753 | 1.382 | 0.768
  806 | Alvernia             |   3 | 0.544 | 0.753 | 1.384 | 0.765
  807 | Clark (MA)           |   3 | 0.543 | 0.745 | 1.372 | 0.752
  808 | Berry                |   3 | 0.543 | 0.764 | 1.408 | 0.782
  809 | Allegheny            |   3 | 0.542 | 0.798 | 1.471 | 0.777
  810 | Central (IA)         |   3 | 0.542 | 0.749 | 1.382 | 0.782
  811 | Wellesley            |   3 | 0.540 | 0.653 | 1.210 | 0.763
  812 | Oakland City         |   2 | 0.539 | 0.691 | 1.282 | 0.917
  813 | Suffolk              |   3 | 0.539 | 0.698 | 1.294 | 0.709
  814 | UC Santa Cruz        |   3 | 0.537 | 0.691 | 1.286 | 0.744
  815 | Immaculata           |   3 | 0.536 | 0.744 | 1.389 | 0.722
  816 | Regis (MA)           |   3 | 0.536 | 0.709 | 1.321 | 0.651
  817 | Lake Forest          |   3 | 0.535 | 0.743 | 1.389 | 0.751
  818 | Mass. Liberal Arts   |   3 | 0.535 | 0.786 | 1.471 | 0.749
  819 | Wis.-Stout           |   3 | 0.534 | 0.737 | 1.381 | 0.827
  820 | Grinnell             |   3 | 0.534 | 0.638 | 1.194 | 0.751
  821 | John Carroll         |   3 | 0.534 | 0.743 | 1.393 | 0.793
  822 | Trinity (TX)         |   3 | 0.533 | 0.812 | 1.525 | 0.774
  823 | Dominican (IL)       |   3 | 0.533 | 0.811 | 1.522 | 0.748
  824 | Carleton             |   3 | 0.533 | 0.740 | 1.389 | 0.806
  825 | Mass.-Dartmouth      |   3 | 0.532 | 0.747 | 1.404 | 0.756
  826 | Nazareth             |   3 | 0.531 | 0.684 | 1.288 | 0.758
  827 | North Central (IL)   |   3 | 0.531 | 0.730 | 1.374 | 0.795
  828 | Drew                 |   3 | 0.530 | 0.680 | 1.283 | 0.782
  829 | Linfield             |   3 | 0.530 | 0.736 | 1.389 | 0.796
  830 | Ozarks (AR)          |   3 | 0.529 | 0.736 | 1.391 | 0.771
  831 | Eastern Conn. St.    |   3 | 0.528 | 0.720 | 1.364 | 0.790
  832 | Worcester St.        |   3 | 0.528 | 0.667 | 1.263 | 0.756
  833 | Dominican (CA)       |   2 | 0.528 | 0.719 | 1.360 | 0.879
  834 | Fontbonne            |   3 | 0.528 | 0.751 | 1.422 | 0.746
  835 | Minn.-Morris         |   3 | 0.525 | 0.778 | 1.481 | 0.688
  836 | Fredonia St.         |   3 | 0.524 | 0.759 | 1.449 | 0.761
  837 | WPI                  |   3 | 0.524 | 0.683 | 1.303 | 0.773
  838 | St. John Fisher      |   3 | 0.523 | 0.764 | 1.462 | 0.777
  839 | N.C. Wesleyan        |   3 | 0.523 | 0.794 | 1.518 | 0.757
  840 | Plattsburgh St.      |   3 | 0.522 | 0.785 | 1.502 | 0.764
  841 | Springfield          |   3 | 0.520 | 0.664 | 1.277 | 0.767
  842 | Trine                |   3 | 0.520 | 0.615 | 1.183 | 0.784
  843 | Chaminade            |   2 | 0.519 | 0.718 | 1.382 | 0.870
  844 | Shenandoah           |   3 | 0.519 | 0.687 | 1.323 | 0.770
  845 | Middlebury           |   3 | 0.519 | 0.707 | 1.362 | 0.793
  846 | LeTourneau           |   3 | 0.518 | 0.700 | 1.351 | 0.774
  847 | La Verne             |   3 | 0.518 | 0.878 | 1.696 | 0.728
  848 | Marietta             |   3 | 0.517 | 0.804 | 1.554 | 0.790
  849 | New Orleans          |   2 | 0.517 | 0.726 | 1.404 | 0.918
  850 | Hamline              |   3 | 0.515 | 0.733 | 1.423 | 0.797
  851 | Bethany (WV)         |   3 | 0.514 | 0.772 | 1.502 | 0.751
  852 | Salem St.            |   3 | 0.514 | 0.788 | 1.533 | 0.773
  853 | Luther               |   3 | 0.511 | 0.728 | 1.425 | 0.804
  854 | Milwaukee Engr.      |   3 | 0.511 | 0.642 | 1.257 | 0.731
  855 | Martin Luther        |   3 | 0.510 | 0.736 | 1.442 | 0.720
  856 | Swarthmore           |   3 | 0.510 | 0.729 | 1.429 | 0.771
  857 | Transylvania         |   3 | 0.510 | 0.727 | 1.427 | 0.754
  858 | Endicott             |   3 | 0.509 | 0.682 | 1.339 | 0.732
  859 | Oswego St.           |   3 | 0.508 | 0.698 | 1.375 | 0.759
  860 | Oglethorpe           |   3 | 0.508 | 0.698 | 1.375 | 0.777
  861 | Rochester Inst.      |   3 | 0.508 | 0.714 | 1.407 | 0.754
  862 | Centenary (LA)       |   3 | 0.508 | 0.800 | 1.575 | 0.795
  863 | Roanoke              |   3 | 0.507 | 0.694 | 1.371 | 0.770
  864 | Western N.M.         |   2 | 0.506 | 0.742 | 1.465 | 0.897
  865 | St. Marys (MD)       |   3 | 0.505 | 0.705 | 1.398 | 0.768
  866 | Averett              |   3 | 0.505 | 0.645 | 1.277 | 0.757
  867 | McDaniel             |   3 | 0.504 | 0.701 | 1.391 | 0.769
  868 | Baptist Bible (PA)   |   3 | 0.504 | 0.728 | 1.445 | 0.707
  869 | Hamilton             |   3 | 0.504 | 0.578 | 1.146 | 0.781
  870 | Lynchburg            |   3 | 0.504 | 0.712 | 1.411 | 0.765
  871 | Alma                 |   3 | 0.503 | 0.716 | 1.425 | 0.809
  872 | Benedictine (IL)     |   3 | 0.503 | 0.715 | 1.421 | 0.751
  873 | Claremont-M-S        |   3 | 0.502 | 0.644 | 1.283 | 0.739
  874 | Lehman               |   3 | 0.501 | 0.745 | 1.488 | 0.731
  875 | Rutgers-Camden       |   3 | 0.500 | 0.654 | 1.309 | 0.705
  876 | Queens (NY)          |   2 | 0.500 | 0.661 | 1.322 | 0.862
  877 | Cabrini              |   3 | 0.499 | 0.642 | 1.286 | 0.726
  878 | Edgewood             |   3 | 0.499 | 0.634 | 1.272 | 0.763
  879 | Fitchburg St.        |   3 | 0.499 | 0.788 | 1.579 | 0.732
  880 | Lycoming             |   3 | 0.498 | 0.640 | 1.284 | 0.770
  881 | Thiel                |   3 | 0.497 | 0.738 | 1.485 | 0.757
  882 | Huntingdon           |   3 | 0.497 | 0.752 | 1.514 | 0.746
  883 | Olivet               |   3 | 0.497 | 0.666 | 1.338 | 0.787
  884 | Penn St.-Harrisburg  |   3 | 0.496 | 0.708 | 1.425 | 0.670
  885 | La Sierra            |   3 | 0.496 | 0.704 | 1.420 | 0.874
  886 | Webster              |   3 | 0.496 | 0.672 | 1.356 | 0.745
  887 | Westminster (PA)     |   3 | 0.496 | 0.653 | 1.316 | 0.757
  888 | Utica                |   3 | 0.494 | 0.687 | 1.389 | 0.759
  889 | Hendrix              |   3 | 0.494 | 0.708 | 1.433 | 0.773
  890 | Ohio Wesleyan        |   3 | 0.494 | 0.695 | 1.408 | 0.782
  891 | Dickinson            |   3 | 0.493 | 0.660 | 1.340 | 0.772
  892 | Hunter               |   3 | 0.492 | 0.699 | 1.422 | 0.733
  893 | Framingham St.       |   3 | 0.492 | 0.664 | 1.349 | 0.724
  894 | SUNYIT               |   3 | 0.490 | 0.686 | 1.399 | 0.673
  895 | Colby-Sawyer         |   3 | 0.489 | 0.786 | 1.609 | 0.696
  896 | St. Josephs (L.I.)   |   3 | 0.488 | 0.718 | 1.470 | 0.716
  897 | Cheyney              |   2 | 0.487 | 0.662 | 1.359 | 0.878
  898 | Illinois Col.        |   3 | 0.487 | 0.712 | 1.462 | 0.756
  899 | Heidelberg           |   3 | 0.487 | 0.754 | 1.549 | 0.798
  900 | Defiance             |   3 | 0.484 | 0.681 | 1.406 | 0.751
  901 | Centenary (NJ)       |   3 | 0.484 | 0.742 | 1.532 | 0.703
  902 | Sewanee              |   3 | 0.484 | 0.690 | 1.424 | 0.770
  903 | Rose-Hulman          |   3 | 0.483 | 0.616 | 1.276 | 0.758
  904 | Mass.-Boston         |   3 | 0.482 | 0.640 | 1.328 | 0.767
  905 | Northland            |   3 | 0.482 | 0.655 | 1.359 | 0.689
  906 | Mary Hardin-Baylor   |   3 | 0.481 | 0.706 | 1.468 | 0.774
  907 | Stevenson            |   3 | 0.481 | 0.669 | 1.391 | 0.745
  908 | Wheaton (MA)         |   3 | 0.481 | 0.636 | 1.323 | 0.761
  909 | Hollins              |   3 | 0.479 | 0.721 | 1.505 | 0.751
  910 | Western New Eng.     |   3 | 0.479 | 0.686 | 1.430 | 0.726
  911 | Meredith             |   3 | 0.479 | 0.822 | 1.717 | 0.762
  912 | Neumann              |   3 | 0.478 | 0.729 | 1.524 | 0.739
  913 | Hiram                |   3 | 0.478 | 0.645 | 1.350 | 0.780
  914 | Schreiner            |   3 | 0.476 | 0.625 | 1.312 | 0.763
  915 | St. Scholastica      |   3 | 0.476 | 0.707 | 1.487 | 0.723
  916 | East Tex. Baptist    |   3 | 0.475 | 0.726 | 1.528 | 0.773
  917 | Greenville           |   3 | 0.475 | 0.700 | 1.472 | 0.738
  918 | Maranatha Baptist    |   3 | 0.474 | 0.666 | 1.405 | 0.746
  919 | Mt. Aloysius         |   3 | 0.472 | 0.744 | 1.577 | 0.720
  920 | Eastern Nazarene     |   3 | 0.472 | 0.612 | 1.298 | 0.715
  921 | Roger Williams       |   3 | 0.471 | 0.664 | 1.409 | 0.729
  922 | Elmira               |   3 | 0.471 | 0.694 | 1.471 | 0.772
  923 | Rivier               |   3 | 0.470 | 0.788 | 1.676 | 0.715
  924 | Oberlin              |   3 | 0.469 | 0.658 | 1.402 | 0.778
  925 | Knox                 |   3 | 0.469 | 0.970 | 2.070 | 0.761
  926 | Clarkson             |   3 | 0.468 | 0.664 | 1.418 | 0.741
  927 | Converse             |   2 | 0.468 | 0.721 | 1.542 | 0.845
  928 | Dallas               |   3 | 0.467 | 0.728 | 1.558 | 0.751
  929 | Texas Lutheran       |   3 | 0.467 | 0.687 | 1.473 | 0.762
  930 | St. Joseph (CT)      |   3 | 0.466 | 0.726 | 1.560 | 0.693
  931 | Mount Ida            |   3 | 0.464 | 0.693 | 1.495 | 0.709
  932 | Wilkes               |   3 | 0.463 | 0.701 | 1.513 | 0.768
  933 | Grove City           |   3 | 0.462 | 0.638 | 1.380 | 0.760
  934 | Wilmington (DE)      |   2 | 0.460 | 0.599 | 1.302 | 0.845
  935 | Frostburg St.        |   3 | 0.458 | 0.665 | 1.451 | 0.766
  936 | Alverno              |   3 | 0.457 | 0.683 | 1.495 | 0.723
  937 | New England Col.     |   3 | 0.456 | 0.673 | 1.476 | 0.666
  938 | P.R.-Mayaguez        |   2 | 0.456 | 0.599 | 1.314 | 0.875
  939 | Whittier             |   3 | 0.452 | 0.692 | 1.532 | 0.737
  940 | Keuka                |   3 | 0.452 | 0.672 | 1.487 | 0.676
  941 | Beloit               |   3 | 0.452 | 0.703 | 1.554 | 0.754
  942 | Bluffton             |   3 | 0.450 | 0.677 | 1.504 | 0.755
  943 | Agnes Scott          |   3 | 0.450 | 0.571 | 1.270 | 0.750
  944 | Anderson (IN)        |   3 | 0.448 | 0.618 | 1.379 | 0.760
  945 | Merchant Marine      |   3 | 0.448 | 0.657 | 1.467 | 0.723
  946 | Alfred               |   3 | 0.448 | 0.687 | 1.533 | 0.753
  947 | Rosemont             |   3 | 0.446 | 0.680 | 1.524 | 0.689
  948 | Concordia Chicago    |   3 | 0.445 | 0.630 | 1.415 | 0.749
  949 | MIT                  |   3 | 0.445 | 0.576 | 1.294 | 0.739
  950 | Husson               |   3 | 0.444 | 0.715 | 1.610 | 0.704
  951 | Mount Holyoke        |   3 | 0.444 | 0.609 | 1.372 | 0.762
  952 | Bethany Lutheran     |   3 | 0.444 | 0.714 | 1.610 | 0.735
  953 | Washington Adventist |   2 | 0.444 | 0.671 | 1.510 | 0.774
  954 | Nyack                |   2 | 0.444 | 0.668 | 1.503 | 0.838
  955 | Mt. St. Joseph       |   3 | 0.443 | 0.681 | 1.536 | 0.755
  956 | Norwich              |   3 | 0.442 | 0.666 | 1.509 | 0.724
  957 | Maine Maritime       |   3 | 0.442 | 0.619 | 1.398 | 0.706
  958 | Curry                |   3 | 0.441 | 0.667 | 1.512 | 0.719
  959 | Pitt.-Bradford       |   3 | 0.437 | 0.653 | 1.494 | 0.721
  960 | Salem Intl           |   2 | 0.437 | 0.581 | 1.329 | 0.831
  961 | Emerson              |   3 | 0.437 | 0.679 | 1.552 | 0.728
  962 | Earlham              |   3 | 0.436 | 0.692 | 1.585 | 0.739
  963 | SUNY Potsdam         |   3 | 0.436 | 0.614 | 1.407 | 0.771
  964 | Kalamazoo            |   3 | 0.434 | 0.608 | 1.400 | 0.794
  965 | Susquehanna          |   3 | 0.434 | 0.665 | 1.530 | 0.765
  966 | Polytechnic (NY)     |   3 | 0.434 | 0.593 | 1.366 | 0.720
  967 | Albright             |   3 | 0.433 | 0.650 | 1.500 | 0.760
  968 | Willamette           |   3 | 0.432 | 0.647 | 1.496 | 0.819
  969 | Austin               |   3 | 0.429 | 0.622 | 1.451 | 0.775
  970 | St. Catherine        |   3 | 0.429 | 0.683 | 1.594 | 0.805
  971 | Goucher              |   3 | 0.428 | 0.591 | 1.381 | 0.771
  972 | Rockford             |   3 | 0.428 | 0.634 | 1.481 | 0.747
  973 | Mary Baldwin         |   3 | 0.428 | 0.626 | 1.464 | 0.765
  974 | Albertus Magnus      |   3 | 0.428 | 0.712 | 1.664 | 0.674
  975 | Sage Colleges        |   3 | 0.427 | 0.643 | 1.507 | 0.725
  976 | Coast Guard          |   3 | 0.426 | 0.632 | 1.485 | 0.749
  977 | Plymouth St.         |   3 | 0.425 | 0.645 | 1.517 | 0.752
  978 | Wooster              |   3 | 0.422 | 0.588 | 1.394 | 0.784
  979 | Northwestern (MN)    |   3 | 0.422 | 0.621 | 1.473 | 0.714
  980 | Johnson & Wales (RI) |   3 | 0.420 | 0.615 | 1.465 | 0.713
  981 | Mt. St. Vincent      |   3 | 0.420 | 0.643 | 1.531 | 0.716
  982 | Hood                 |   3 | 0.418 | 0.612 | 1.466 | 0.750
  983 | Daniel Webster       |   3 | 0.417 | 0.652 | 1.562 | 0.636
  984 | Spelman              |   3 | 0.417 | 0.646 | 1.552 | 0.743
  985 | Emory & Henry        |   3 | 0.416 | 0.671 | 1.613 | 0.762
  986 | Peace                |   3 | 0.413 | 0.604 | 1.463 | 0.754
  987 | Staten Island        |   3 | 0.409 | 0.590 | 1.443 | 0.693
  988 | Nichols              |   3 | 0.409 | 0.599 | 1.466 | 0.728
  989 | Cobleskill St.       |   3 | 0.408 | 0.554 | 1.356 | 0.662
  990 | Wesley               |   3 | 0.408 | 0.608 | 1.491 | 0.775
  991 | Pitt.-Greensburg     |   3 | 0.407 | 0.641 | 1.576 | 0.715
  992 | Keystone             |   3 | 0.407 | 0.607 | 1.494 | 0.694
  993 | Elms                 |   3 | 0.403 | 0.625 | 1.552 | 0.637
  994 | St. Elizabeth        |   3 | 0.402 | 0.672 | 1.674 | 0.655
  995 | MacMurray            |   3 | 0.401 | 0.577 | 1.439 | 0.739
  996 | Arcadia              |   3 | 0.399 | 0.667 | 1.673 | 0.757
  997 | Me.-Farmington       |   3 | 0.398 | 0.571 | 1.436 | 0.698
  998 | Principia            |   3 | 0.397 | 0.561 | 1.413 | 0.746
  999 | Brockport            |   3 | 0.397 | 0.599 | 1.507 | 0.771
 1000 | Finlandia            |   3 | 0.394 | 0.582 | 1.479 | 0.743
 1001 | New Jersey City      |   3 | 0.394 | 0.568 | 1.442 | 0.766
 1002 | John Jay             |   3 | 0.391 | 0.631 | 1.614 | 0.693
 1003 | CCNY                 |   3 | 0.391 | 0.577 | 1.475 | 0.713
 1004 | St. Josephs (Brkln)  |   3 | 0.390 | 0.646 | 1.656 | 0.670
 1005 | Pomona-Pitzer        |   3 | 0.389 | 0.580 | 1.492 | 0.737
 1006 | Lyndon St.           |   3 | 0.383 | 0.594 | 1.552 | 0.687
 1007 | Gordon               |   3 | 0.383 | 0.556 | 1.452 | 0.708
 1008 | Penn St.-Altoona     |   3 | 0.381 | 0.588 | 1.543 | 0.720
 1009 | Lancaster Bible      |   3 | 0.379 | 0.560 | 1.476 | 0.664
 1010 | Lasell               |   3 | 0.379 | 0.594 | 1.570 | 0.708
 1011 | Aurora               |   3 | 0.379 | 0.619 | 1.632 | 0.748
 1012 | Newbury              |   3 | 0.378 | 0.628 | 1.660 | 0.628
 1013 | Morrisville St.      |   3 | 0.375 | 0.601 | 1.603 | 0.663
 1014 | Anna Maria           |   3 | 0.374 | 0.596 | 1.592 | 0.708
 1015 | St. Andrews          |   2 | 0.373 | 0.628 | 1.685 | 0.856
 1016 | Purchase St.         |   3 | 0.372 | 0.572 | 1.540 | 0.712
 1017 | Presentation         |   3 | 0.371 | 0.629 | 1.696 | 0.714
 1018 | Me.-Presque Isle     |   3 | 0.367 | 0.549 | 1.494 | 0.774
 1019 | Randolph             |   3 | 0.366 | 0.565 | 1.544 | 0.750
 1020 | Franciscan           |   3 | 0.364 | 0.592 | 1.627 | 0.717
 1021 | Chatham              |   3 | 0.363 | 0.564 | 1.552 | 0.734
 1022 | Simmons              |   3 | 0.363 | 0.563 | 1.553 | 0.698
 1023 | DYouville            |   3 | 0.363 | 0.672 | 1.851 | 0.714
 1024 | Lawrence             |   3 | 0.362 | 0.563 | 1.554 | 0.772
 1025 | North Central (MN)   |   3 | 0.361 | 0.583 | 1.613 | 0.706
 1026 | Cedar Crest          |   3 | 0.361 | 0.634 | 1.758 | 0.699
 1027 | Sul Ross St.         |   3 | 0.361 | 0.623 | 1.729 | 0.780
 1028 | Wells                |   3 | 0.359 | 0.550 | 1.532 | 0.669
 1029 | Blackburn            |   3 | 0.353 | 0.574 | 1.624 | 0.748
 1030 | Trinity (DC)         |   3 | 0.351 | 0.563 | 1.601 | 0.642
 1031 | Geneva               |   3 | 0.351 | 0.492 | 1.402 | 0.759
 1032 | Wesleyan (GA)        |   3 | 0.349 | 0.475 | 1.358 | 0.736
 1033 | Cazenovia            |   3 | 0.338 | 0.555 | 1.642 | 0.670
 1034 | Wentworth Inst.      |   3 | 0.338 | 0.525 | 1.554 | 0.728
 1035 | Salem                |   3 | 0.335 | 0.553 | 1.651 | 0.741
 1036 | York (NY)            |   3 | 0.331 | 0.557 | 1.681 | 0.716
 1037 | Pine Manor           |   3 | 0.324 | 0.595 | 1.837 | 0.662
 1038 | Gallaudet            |   3 | 0.323 | 0.495 | 1.534 | 0.654
 1039 | Thomas (ME)          |   3 | 0.321 | 0.608 | 1.895 | 0.709
 1040 | Penn St.-Berks       |   3 | 0.318 | 0.577 | 1.811 | 0.650
 1041 | Hilbert              |   3 | 0.311 | 0.496 | 1.596 | 0.709
 1042 | Green Mountain       |   3 | 0.304 | 0.578 | 1.901 | 0.678
 1043 | Southern Vt.         |   3 | 0.301 | 0.584 | 1.940 | 0.632
 1044 | Becker               |   3 | 0.295 | 0.543 | 1.842 | 0.644
 1045 | Bay Path             |   3 | 0.294 | 0.562 | 1.911 | 0.625
 1046 | Johnson St.          |   3 | 0.293 | 0.519 | 1.775 | 0.693
 1047 | Phila. Biblical      |   3 | 0.292 | 0.521 | 1.786 | 0.697
 1048 | Mitchell             |   3 | 0.285 | 0.564 | 1.977 | 0.638
 1049 | Penn St.-Abington    |   3 | 0.271 | 0.499 | 1.837 | 0.653
 1050 | Notre Dame (MD)      |   3 | 0.269 | 0.474 | 1.760 | 0.715
 1051 | Bryn Mawr            |   3 | 0.265 | 0.416 | 1.572 | 0.771
 1052 | Wilson               |   3 | 0.260 | 0.473 | 1.821 | 0.653
 1053 | Crown (MN)           |   3 | 0.249 | 0.457 | 1.837 | 0.722
 1054 | New Rochelle         |   3 | 0.245 | 0.461 | 1.883 | 0.607
 1055 | Wheelock             |   3 | 0.235 | 0.402 | 1.710 | 0.643
 1056 | Caltech              |   3 | 0.230 | 0.407 | 1.767 | 0.746
 1057 | Mt. Mary             |   3 | 0.214 | 0.425 | 1.986 | 0.710
 1058 | Lesley               |   3 | 0.207 | 0.360 | 1.737 | 0.636
 1059 | Medgar Evers         |   3 | 0.197 | 0.371 | 1.886 | 0.668
 1060 | Bard                 |   3 | 0.196 | 0.316 | 1.615 | 0.732
 1061 | Yeshiva              |   3 | 0.183 | 0.398 | 2.178 | 0.592
(1061 rows)

COMMIT
