BEGIN
CREATE TABLE
INSERT 0 1073
  rk  |        school        | div |  str  |  ofs  |  dfs  |  sos  
------+----------------------+-----+-------+-------+-------+-------
    1 | Connecticut          |   1 | 2.050 | 1.431 | 0.698 | 1.133
    2 | Stanford             |   1 | 1.866 | 1.403 | 0.752 | 1.113
    3 | Baylor               |   1 | 1.863 | 1.391 | 0.747 | 1.117
    4 | Notre Dame           |   1 | 1.808 | 1.398 | 0.773 | 1.119
    5 | Texas A&M            |   1 | 1.768 | 1.444 | 0.817 | 1.136
    6 | Tennessee            |   1 | 1.762 | 1.378 | 0.782 | 1.102
    7 | Duke                 |   1 | 1.663 | 1.231 | 0.740 | 1.124
    8 | Xavier               |   1 | 1.513 | 1.261 | 0.833 | 1.058
    9 | DePaul               |   1 | 1.506 | 1.316 | 0.874 | 1.092
   10 | North Carolina       |   1 | 1.474 | 1.309 | 0.888 | 1.076
   11 | West Virginia        |   1 | 1.473 | 1.148 | 0.779 | 1.075
   12 | Miami (FL)           |   1 | 1.471 | 1.315 | 0.894 | 1.055
   13 | Maryland             |   1 | 1.466 | 1.228 | 0.838 | 1.070
   14 | UCLA                 |   1 | 1.456 | 1.147 | 0.788 | 1.090
   15 | Green Bay            |   1 | 1.452 | 1.181 | 0.814 | 1.019
   16 | Michigan St.         |   1 | 1.445 | 1.145 | 0.793 | 1.079
   17 | Louisville           |   1 | 1.430 | 1.231 | 0.860 | 1.093
   18 | Georgia Tech         |   1 | 1.421 | 1.104 | 0.777 | 1.087
   19 | Iowa St.             |   1 | 1.406 | 1.127 | 0.802 | 1.078
   20 | Ohio St.             |   1 | 1.405 | 1.281 | 0.912 | 1.113
   21 | Gonzaga              |   1 | 1.404 | 1.335 | 0.951 | 1.027
   22 | Oklahoma             |   1 | 1.404 | 1.303 | 0.928 | 1.107
   23 | Syracuse             |   1 | 1.397 | 1.185 | 0.848 | 1.057
   24 | Temple               |   1 | 1.397 | 1.168 | 0.836 | 1.059
   25 | Rutgers              |   1 | 1.396 | 1.101 | 0.788 | 1.122
   26 | Georgetown           |   1 | 1.394 | 1.126 | 0.808 | 1.108
   27 | Texas Tech           |   1 | 1.394 | 1.112 | 0.798 | 1.084
   28 | Texas                |   1 | 1.386 | 1.336 | 0.964 | 1.103
   29 | Florida St.          |   1 | 1.381 | 1.261 | 0.913 | 1.077
   30 | Purdue               |   1 | 1.351 | 1.112 | 0.823 | 1.088
   31 | LSU                  |   1 | 1.351 | 1.064 | 0.788 | 1.067
   32 | Marquette            |   1 | 1.346 | 1.153 | 0.857 | 1.084
   33 | Penn St.             |   1 | 1.345 | 1.311 | 0.975 | 1.074
   34 | Iowa                 |   1 | 1.337 | 1.200 | 0.897 | 1.085
   35 | Kentucky             |   1 | 1.326 | 1.188 | 0.896 | 1.070
   36 | St. Johns (NY)       |   1 | 1.320 | 1.128 | 0.855 | 1.089
   37 | Oklahoma St.         |   1 | 1.309 | 1.113 | 0.850 | 1.070
   38 | Vanderbilt           |   1 | 1.304 | 1.240 | 0.951 | 1.068
   39 | UNI                  |   1 | 1.302 | 1.135 | 0.872 | 1.020
   40 | Boston College       |   1 | 1.295 | 1.307 | 1.009 | 1.064
   41 | Michigan             |   1 | 1.288 | 1.133 | 0.880 | 1.094
   42 | Charlotte            |   1 | 1.288 | 1.155 | 0.897 | 1.032
   43 | Bowling Green        |   1 | 1.285 | 1.144 | 0.890 | 1.014
   44 | BYU                  |   1 | 1.284 | 1.136 | 0.884 | 1.032
   45 | Southern California  |   1 | 1.271 | 1.202 | 0.945 | 1.089
   46 | Dayton               |   1 | 1.269 | 1.258 | 0.991 | 1.066
   47 | Wisconsin            |   1 | 1.268 | 1.033 | 0.815 | 1.089
   48 | North Carolina St.   |   1 | 1.267 | 1.283 | 1.012 | 1.069
   49 | Arizona St.          |   1 | 1.266 | 1.059 | 0.837 | 1.092
   50 | Princeton            |   1 | 1.264 | 1.097 | 0.868 | 0.979
   51 | Kansas St.           |   1 | 1.261 | 1.055 | 0.837 | 1.075
   52 | Duquesne             |   1 | 1.258 | 1.139 | 0.905 | 1.038
   53 | Kansas               |   1 | 1.258 | 1.206 | 0.959 | 1.068
   54 | Georgia              |   1 | 1.252 | 1.093 | 0.873 | 1.073
   55 | TCU                  |   1 | 1.250 | 1.124 | 0.899 | 1.039
   56 | Marist               |   1 | 1.238 | 1.068 | 0.863 | 0.966
   57 | Pittsburgh           |   1 | 1.232 | 1.157 | 0.939 | 1.081
   58 | Wyoming              |   1 | 1.225 | 1.087 | 0.887 | 1.035
   59 | Northwestern         |   1 | 1.221 | 1.154 | 0.945 | 1.084
   60 | California           |   1 | 1.217 | 1.074 | 0.883 | 1.081
   61 | Arizona              |   1 | 1.216 | 1.224 | 1.007 | 1.069
   62 | Virginia             |   1 | 1.214 | 1.119 | 0.921 | 1.075
   63 | James Madison        |   1 | 1.213 | 1.164 | 0.959 | 1.030
   64 | Fresno St.           |   1 | 1.207 | 1.183 | 0.979 | 1.016
   65 | Louisiana Tech       |   1 | 1.199 | 1.197 | 0.998 | 1.016
   66 | Missouri St.         |   1 | 1.198 | 1.123 | 0.937 | 1.025
   67 | Middle Tenn.         |   1 | 1.198 | 1.158 | 0.966 | 1.017
   68 | Arkansas             |   1 | 1.188 | 1.044 | 0.879 | 1.045
   69 | Toledo               |   1 | 1.186 | 1.038 | 0.875 | 1.029
   70 | Nebraska             |   1 | 1.185 | 1.090 | 0.919 | 1.085
   71 | UNC Wilmington       |   1 | 1.185 | 1.094 | 0.923 | 1.013
   72 | South Carolina       |   1 | 1.183 | 1.020 | 0.862 | 1.081
   73 | Florida              |   1 | 1.180 | 1.119 | 0.949 | 1.067
   74 | Creighton            |   1 | 1.180 | 1.039 | 0.881 | 1.043
   75 | Richmond             |   1 | 1.177 | 1.124 | 0.955 | 1.045
   76 | Houston              |   1 | 1.169 | 1.174 | 1.004 | 1.016
   77 | Eastern Mich.        |   1 | 1.168 | 1.084 | 0.929 | 1.025
   78 | Old Dominion         |   1 | 1.167 | 1.066 | 0.913 | 1.037
   79 | Illinois St.         |   1 | 1.164 | 1.130 | 0.970 | 1.030
   80 | Minnesota            |   1 | 1.161 | 1.100 | 0.947 | 1.083
   81 | St. Josephs          |   1 | 1.154 | 1.021 | 0.885 | 1.043
   82 | St. Bonaventure      |   1 | 1.150 | 0.989 | 0.860 | 1.029
   83 | Wake Forest          |   1 | 1.148 | 1.085 | 0.946 | 1.063
   84 | Drexel               |   1 | 1.147 | 1.000 | 0.871 | 1.029
   85 | Pepperdine           |   1 | 1.147 | 1.095 | 0.954 | 1.015
   86 | South Fla.           |   1 | 1.147 | 1.056 | 0.921 | 1.078
   87 | Washington           |   1 | 1.146 | 0.970 | 0.847 | 1.077
   88 | Auburn               |   1 | 1.143 | 1.053 | 0.921 | 1.061
   89 | Appalachian St.      |   1 | 1.141 | 1.154 | 1.011 | 0.980
   90 | Missouri             |   1 | 1.140 | 1.030 | 0.904 | 1.100
   91 | Central Mich.        |   1 | 1.139 | 1.306 | 1.146 | 1.020
   92 | UALR                 |   1 | 1.135 | 0.932 | 0.821 | 1.014
   93 | Colorado             |   1 | 1.132 | 1.012 | 0.894 | 1.071
   94 | Tulane               |   1 | 1.132 | 1.145 | 1.012 | 1.009
   95 | Hampton              |   1 | 1.131 | 0.987 | 0.873 | 0.964
   96 | Oregon               |   1 | 1.131 | 1.268 | 1.121 | 1.058
   97 | Illinois             |   1 | 1.128 | 1.083 | 0.960 | 1.089
   98 | VCU                  |   1 | 1.127 | 1.100 | 0.977 | 1.020
   99 | Providence           |   1 | 1.126 | 0.987 | 0.877 | 1.074
  100 | UCF                  |   1 | 1.122 | 1.077 | 0.960 | 1.011
  101 | UC Santa Barbara     |   1 | 1.121 | 1.007 | 0.898 | 1.004
  102 | San Diego St.        |   1 | 1.117 | 1.001 | 0.897 | 1.053
  103 | Denver               |   1 | 1.114 | 1.028 | 0.923 | 1.001
  104 | Kent St.             |   1 | 1.114 | 1.073 | 0.963 | 1.004
  105 | UC Davis             |   1 | 1.113 | 1.086 | 0.976 | 1.004
  106 | Villanova            |   1 | 1.107 | 0.911 | 0.823 | 1.084
  107 | Utah                 |   1 | 1.104 | 0.966 | 0.875 | 1.055
  108 | Delaware             |   1 | 1.102 | 0.979 | 0.888 | 1.025
  109 | Oregon St.           |   1 | 1.100 | 0.917 | 0.834 | 1.068
  110 | Mississippi St.      |   1 | 1.098 | 0.961 | 0.875 | 1.048
  111 | South Dakota St.     |   1 | 1.097 | 1.038 | 0.946 | 0.999
  112 | Clayton St.          |   2 | 1.094 | 1.134 | 1.037 | 0.914
  113 | Liberty              |   1 | 1.092 | 0.946 | 0.866 | 0.984
  114 | New Mexico           |   1 | 1.092 | 1.024 | 0.937 | 1.051
  115 | UC Riverside         |   1 | 1.091 | 1.002 | 0.919 | 1.015
  116 | Indiana              |   1 | 1.085 | 1.087 | 1.002 | 1.077
  117 | Nevada               |   1 | 1.082 | 1.055 | 0.974 | 1.010
  118 | Lehigh               |   1 | 1.079 | 1.044 | 0.968 | 0.983
  119 | Alabama              |   1 | 1.078 | 1.092 | 1.014 | 1.041
  120 | Fla. Gulf Coast      |   1 | 1.075 | 1.018 | 0.946 | 0.948
  121 | St. Marys (CA)       |   1 | 1.072 | 1.097 | 1.024 | 1.027
  122 | Oral Roberts         |   1 | 1.069 | 1.287 | 1.205 | 0.982
  123 | IPFW                 |   1 | 1.067 | 1.124 | 1.053 | 0.975
  124 | Wichita St.          |   1 | 1.066 | 1.024 | 0.961 | 1.020
  125 | Hofstra              |   1 | 1.066 | 1.214 | 1.138 | 0.998
  126 | Montana St.          |   1 | 1.061 | 1.090 | 1.028 | 1.000
  127 | Butler               |   1 | 1.059 | 1.096 | 1.036 | 1.019
  128 | American             |   1 | 1.058 | 0.956 | 0.903 | 0.968
  129 | Samford              |   1 | 1.054 | 0.986 | 0.936 | 0.971
  130 | Memphis              |   1 | 1.053 | 1.035 | 0.983 | 1.000
  131 | Chicago St.          |   1 | 1.053 | 1.077 | 1.023 | 0.959
  132 | SMU                  |   1 | 1.052 | 1.058 | 1.006 | 1.013
  133 | Washington St.       |   1 | 1.052 | 1.082 | 1.029 | 1.094
  134 | UNLV                 |   1 | 1.051 | 1.014 | 0.964 | 1.030
  135 | Fort Lewis           |   2 | 1.049 | 1.063 | 1.013 | 0.881
  136 | Lander               |   2 | 1.048 | 1.117 | 1.066 | 0.911
  137 | UAB                  |   1 | 1.048 | 0.930 | 0.887 | 0.992
  138 | Rice                 |   1 | 1.046 | 1.000 | 0.956 | 1.006
  139 | Northern Colo.       |   1 | 1.043 | 0.992 | 0.951 | 0.984
  140 | South Dakota         |   1 | 1.041 | 0.929 | 0.892 | 0.957
  141 | UTEP                 |   1 | 1.041 | 1.084 | 1.041 | 0.999
  142 | UC Irvine            |   1 | 1.040 | 1.066 | 1.024 | 1.006
  143 | Ill.-Chicago         |   1 | 1.039 | 1.023 | 0.985 | 1.019
  144 | High Point           |   1 | 1.038 | 1.077 | 1.037 | 0.982
  145 | Delta St.            |   2 | 1.035 | 0.952 | 0.919 | 0.908
  146 | Indiana St.          |   1 | 1.034 | 1.021 | 0.987 | 1.015
  147 | Buffalo              |   1 | 1.034 | 1.045 | 1.011 | 1.008
  148 | Wayne St. (NE)       |   2 | 1.033 | 0.999 | 0.967 | 0.915
  149 | East Carolina        |   1 | 1.033 | 1.132 | 1.095 | 1.012
  150 | Virginia Tech        |   1 | 1.032 | 0.996 | 0.965 | 1.062
  151 | Akron                |   1 | 1.031 | 1.028 | 0.997 | 1.012
  152 | Portland St.         |   1 | 1.029 | 1.070 | 1.039 | 1.000
  153 | Cal St. Bakersfield  |   1 | 1.029 | 1.153 | 1.120 | 0.990
  154 | Western Ky.          |   1 | 1.028 | 1.033 | 1.004 | 1.019
  155 | Wright St.           |   1 | 1.028 | 1.064 | 1.035 | 1.001
  156 | Lamar                |   1 | 1.027 | 1.078 | 1.050 | 0.963
  157 | Oakland              |   1 | 1.026 | 0.959 | 0.935 | 0.980
  158 | Cleveland St.        |   1 | 1.026 | 1.024 | 0.999 | 0.991
  159 | Detroit              |   1 | 1.022 | 0.999 | 0.978 | 1.024
  160 | Drake                |   1 | 1.022 | 1.030 | 1.008 | 1.024
  161 | Gardner-Webb         |   1 | 1.012 | 0.957 | 0.946 | 0.966
  162 | FIU                  |   1 | 1.012 | 0.982 | 0.971 | 1.009
  163 | Cal Poly             |   1 | 1.012 | 1.084 | 1.070 | 0.998
  164 | Cincinnati           |   1 | 1.010 | 0.906 | 0.897 | 1.085
  165 | Harvard              |   1 | 1.010 | 1.109 | 1.098 | 0.963
  166 | George Mason         |   1 | 1.008 | 0.944 | 0.937 | 1.002
  167 | Bradley              |   1 | 1.008 | 1.049 | 1.041 | 1.022
  168 | Amherst              |   3 | 1.007 | 0.989 | 0.982 | 0.827
  169 | Northern Ill.        |   1 | 1.007 | 0.939 | 0.933 | 1.029
  170 | Portland             |   1 | 1.006 | 1.067 | 1.060 | 0.998
  171 | Milwaukee            |   1 | 1.005 | 1.079 | 1.073 | 1.030
  172 | Michigan Tech        |   2 | 1.002 | 0.975 | 0.972 | 0.914
  173 | Fla. Southern        |   2 | 1.001 | 1.104 | 1.104 | 0.917
  174 | Monmouth             |   1 | 1.000 | 0.928 | 0.928 | 0.963
  175 | Idaho                |   1 | 1.000 | 0.973 | 0.973 | 0.999
  176 | Colorado St.         |   1 | 0.999 | 0.999 | 1.000 | 1.027
  177 | Clemson              |   1 | 0.999 | 1.008 | 1.009 | 1.075
  178 | South Ala.           |   1 | 0.998 | 0.951 | 0.953 | 0.982
  179 | Miami (OH)           |   1 | 0.998 | 1.126 | 1.128 | 1.024
  180 | East Tenn. St.       |   1 | 0.998 | 1.083 | 1.086 | 0.974
  181 | UT Martin            |   1 | 0.997 | 1.099 | 1.102 | 0.971
  182 | Seton Hall           |   1 | 0.996 | 0.964 | 0.968 | 1.088
  183 | Mississippi          |   1 | 0.996 | 0.978 | 0.982 | 1.063
  184 | S.C. Aiken           |   2 | 0.996 | 0.943 | 0.947 | 0.915
  185 | Arkansas St.         |   1 | 0.990 | 0.908 | 0.916 | 0.990
  186 | La.-Monroe           |   1 | 0.989 | 0.977 | 0.987 | 0.970
  187 | Chattanooga          |   1 | 0.984 | 1.046 | 1.063 | 0.983
  188 | St. Francis (PA)     |   1 | 0.983 | 1.095 | 1.114 | 0.983
  189 | Sacred Heart         |   1 | 0.983 | 0.948 | 0.964 | 0.971
  190 | Alas. Anchorage      |   2 | 0.982 | 0.942 | 0.959 | 0.900
  191 | Utah St.             |   1 | 0.982 | 1.055 | 1.074 | 1.000
  192 | Manhattan            |   1 | 0.982 | 0.885 | 0.902 | 0.939
  193 | Idaho St.            |   1 | 0.980 | 0.984 | 1.004 | 0.985
  194 | Navy                 |   1 | 0.980 | 0.931 | 0.950 | 0.970
  195 | Western Wash.        |   2 | 0.979 | 0.985 | 1.007 | 0.897
  196 | Montana              |   1 | 0.978 | 0.934 | 0.955 | 1.003
  197 | Elon                 |   1 | 0.977 | 1.064 | 1.089 | 0.972
  198 | McNeese St.          |   1 | 0.976 | 0.958 | 0.981 | 0.938
  199 | George Washington    |   1 | 0.976 | 0.924 | 0.946 | 1.036
  200 | Arkansas Tech        |   2 | 0.973 | 1.113 | 1.144 | 0.904
  201 | Robert Morris        |   1 | 0.972 | 0.981 | 1.009 | 0.969
  202 | Prairie View         |   1 | 0.971 | 0.868 | 0.894 | 0.962
  203 | Grand Canyon         |   2 | 0.968 | 1.057 | 1.092 | 0.869
  204 | New Mexico St.       |   1 | 0.966 | 1.006 | 1.041 | 0.997
  205 | Loyola Marymount     |   1 | 0.964 | 0.937 | 0.971 | 1.013
  206 | Davidson             |   1 | 0.961 | 0.956 | 0.995 | 0.975
  207 | Dixie St.            |   2 | 0.960 | 1.039 | 1.083 | 0.868
  208 | Eastern Ill.         |   1 | 0.958 | 1.034 | 1.080 | 0.951
  209 | Tennessee Tech       |   1 | 0.956 | 0.998 | 1.045 | 0.953
  210 | North Dakota St.     |   1 | 0.956 | 0.989 | 1.035 | 0.985
  211 | Boston U.            |   1 | 0.956 | 0.979 | 1.025 | 0.959
  212 | San Diego            |   1 | 0.954 | 0.995 | 1.042 | 0.999
  213 | Fairfield            |   1 | 0.953 | 0.859 | 0.901 | 0.941
  214 | Eastern Wash.        |   1 | 0.952 | 1.027 | 1.078 | 0.977
  215 | Ball St.             |   1 | 0.948 | 1.006 | 1.061 | 1.023
  216 | Towson               |   1 | 0.946 | 0.910 | 0.963 | 1.013
  217 | Yale                 |   1 | 0.944 | 0.999 | 1.058 | 0.978
  218 | La Salle             |   1 | 0.944 | 1.021 | 1.082 | 1.033
  219 | Concordia-St. Paul   |   2 | 0.944 | 1.043 | 1.104 | 0.923
  220 | Northeastern St.     |   2 | 0.943 | 0.896 | 0.950 | 0.891
  221 | Fordham              |   1 | 0.943 | 0.897 | 0.952 | 0.997
  222 | Evansville           |   1 | 0.943 | 0.919 | 0.974 | 1.024
  223 | Hartford             |   1 | 0.941 | 0.896 | 0.952 | 0.984
  224 | Loyola (IL)          |   1 | 0.941 | 0.999 | 1.061 | 1.008
  225 | Cal St. Monterey Bay |   2 | 0.939 | 0.877 | 0.935 | 0.881
  226 | Loyola Maryland      |   1 | 0.935 | 0.953 | 1.019 | 0.971
  227 | Massachusetts        |   1 | 0.935 | 1.014 | 1.084 | 1.024
  228 | Western Mich.        |   1 | 0.934 | 0.953 | 1.020 | 1.009
  229 | UMBC                 |   1 | 0.932 | 0.893 | 0.958 | 0.960
  230 | Seattle              |   1 | 0.931 | 0.955 | 1.025 | 1.002
  231 | Northeastern         |   1 | 0.930 | 0.944 | 1.015 | 1.021
  232 | William & Mary       |   1 | 0.928 | 1.020 | 1.099 | 1.029
  233 | Georgia St.          |   1 | 0.925 | 0.921 | 0.996 | 1.010
  234 | Long Island          |   1 | 0.925 | 0.936 | 1.012 | 0.943
  235 | Ohio                 |   1 | 0.925 | 0.906 | 0.980 | 1.030
  236 | Santa Clara          |   1 | 0.925 | 0.955 | 1.032 | 1.001
  237 | UNC Greensboro       |   1 | 0.925 | 0.947 | 1.023 | 0.977
  238 | Morehead St.         |   1 | 0.923 | 1.033 | 1.120 | 0.947
  239 | Bentley              |   2 | 0.923 | 1.020 | 1.106 | 0.889
  240 | Central Ark.         |   1 | 0.923 | 0.986 | 1.068 | 0.936
  241 | Metro St.            |   2 | 0.922 | 0.853 | 0.925 | 0.897
  242 | Tampa                |   2 | 0.920 | 0.994 | 1.081 | 0.911
  243 | Holy Family          |   2 | 0.918 | 0.987 | 1.075 | 0.837
  244 | Grand Valley St.     |   2 | 0.917 | 0.948 | 1.035 | 0.913
  245 | N.C. A&T             |   1 | 0.916 | 1.072 | 1.171 | 0.960
  246 | Cal St. Fullerton    |   1 | 0.912 | 1.008 | 1.105 | 0.999
  247 | Hawaii               |   1 | 0.912 | 0.938 | 1.029 | 1.004
  248 | Cal Poly Pomona      |   2 | 0.911 | 0.992 | 1.089 | 0.892
  249 | UMKC                 |   1 | 0.910 | 0.960 | 1.055 | 0.957
  250 | Binghamton           |   1 | 0.909 | 0.868 | 0.955 | 0.943
  251 | Furman               |   1 | 0.909 | 0.945 | 1.041 | 0.967
  252 | Rollins              |   2 | 0.909 | 0.978 | 1.076 | 0.910
  253 | Valparaiso           |   1 | 0.908 | 0.948 | 1.044 | 1.022
  254 | Penn                 |   1 | 0.905 | 0.843 | 0.931 | 0.952
  255 | Seattle Pacific      |   2 | 0.905 | 0.942 | 1.042 | 0.904
  256 | Sam Houston St.      |   1 | 0.904 | 1.004 | 1.111 | 0.949
  257 | Ga. Southern         |   1 | 0.904 | 0.899 | 0.994 | 0.972
  258 | Central Conn. St.    |   1 | 0.904 | 0.873 | 0.966 | 0.953
  259 | North Dakota         |   1 | 0.904 | 0.990 | 1.095 | 0.969
  260 | Army                 |   1 | 0.904 | 0.828 | 0.916 | 0.952
  261 | Howard               |   1 | 0.902 | 0.799 | 0.886 | 0.966
  262 | Florida A&M          |   1 | 0.901 | 1.028 | 1.141 | 0.961
  263 | Northern Ky.         |   2 | 0.900 | 0.815 | 0.905 | 0.891
  264 | UTSA                 |   1 | 0.900 | 0.937 | 1.041 | 0.978
  265 | Radford              |   1 | 0.900 | 0.947 | 1.052 | 0.975
  266 | Washburn             |   2 | 0.900 | 0.939 | 1.043 | 0.906
  267 | Charleston So.       |   1 | 0.899 | 1.022 | 1.136 | 0.966
  268 | Lake Superior St.    |   2 | 0.898 | 0.956 | 1.064 | 0.907
  269 | Pacific              |   1 | 0.898 | 0.980 | 1.092 | 1.005
  270 | Florida Tech         |   2 | 0.897 | 0.947 | 1.055 | 0.913
  271 | Stetson              |   1 | 0.897 | 0.973 | 1.085 | 0.950
  272 | Tarleton St.         |   2 | 0.896 | 0.969 | 1.081 | 0.878
  273 | Boise St.            |   1 | 0.896 | 1.004 | 1.121 | 0.982
  274 | Quincy               |   2 | 0.895 | 1.144 | 1.278 | 0.879
  275 | Georgia College      |   2 | 0.893 | 0.858 | 0.961 | 0.920
  276 | Ark.-Fort Smith      |   2 | 0.893 | 0.956 | 1.071 | 0.877
  277 | Tusculum             |   2 | 0.892 | 0.920 | 1.031 | 0.909
  278 | Coppin St.           |   1 | 0.891 | 0.934 | 1.049 | 0.947
  279 | Augustana (SD)       |   2 | 0.891 | 1.040 | 1.168 | 0.910
  280 | Wis.-Parkside        |   2 | 0.891 | 0.920 | 1.033 | 0.897
  281 | Emporia St.          |   2 | 0.890 | 0.990 | 1.112 | 0.906
  282 | Northern Ariz.       |   1 | 0.890 | 0.978 | 1.099 | 0.985
  283 | Stephen F. Austin    |   1 | 0.890 | 1.029 | 1.156 | 0.948
  284 | St. Louis            |   1 | 0.890 | 0.909 | 1.022 | 1.018
  285 | Northwest Mo. St.    |   2 | 0.887 | 1.087 | 1.225 | 0.914
  286 | Southern Miss.       |   1 | 0.887 | 0.965 | 1.088 | 1.008
  287 | Wis.-Stevens Point   |   3 | 0.887 | 0.960 | 1.082 | 0.848
  288 | Southern Utah        |   1 | 0.885 | 1.016 | 1.148 | 0.970
  289 | Edinboro             |   2 | 0.885 | 0.949 | 1.072 | 0.861
  290 | Mary                 |   2 | 0.883 | 1.036 | 1.173 | 0.920
  291 | Pace                 |   2 | 0.883 | 0.908 | 1.029 | 0.874
  292 | Northern St.         |   2 | 0.882 | 0.909 | 1.030 | 0.914
  293 | Air Force            |   1 | 0.881 | 0.969 | 1.100 | 1.011
  294 | Francis Marion       |   2 | 0.879 | 1.032 | 1.174 | 0.907
  295 | Ouachita Baptist     |   2 | 0.879 | 1.057 | 1.203 | 0.901
  296 | Hope                 |   3 | 0.878 | 0.910 | 1.036 | 0.789
  297 | Indiana (PA)         |   2 | 0.877 | 0.902 | 1.028 | 0.849
  298 | Siena                |   1 | 0.875 | 0.834 | 0.953 | 0.956
  299 | California (PA)      |   2 | 0.874 | 0.936 | 1.071 | 0.865
  300 | Jacksonville         |   1 | 0.869 | 0.972 | 1.119 | 0.956
  301 | Austin Peay          |   1 | 0.868 | 0.929 | 1.070 | 0.961
  302 | Weber St.            |   1 | 0.868 | 0.911 | 1.049 | 0.980
  303 | North Texas          |   1 | 0.868 | 1.009 | 1.161 | 0.990
  304 | Quinnipiac           |   1 | 0.868 | 1.001 | 1.153 | 0.957
  305 | Tulsa                |   1 | 0.866 | 0.937 | 1.082 | 1.000
  306 | Albany (NY)          |   1 | 0.866 | 0.858 | 0.991 | 0.947
  307 | Longwood             |   1 | 0.865 | 0.936 | 1.083 | 0.988
  308 | UC San Diego         |   2 | 0.864 | 1.021 | 1.182 | 0.889
  309 | Savannah St.         |   1 | 0.860 | 0.795 | 0.924 | 0.922
  310 | West Liberty         |   2 | 0.860 | 1.046 | 1.216 | 0.854
  311 | Iona                 |   1 | 0.860 | 0.928 | 1.079 | 0.971
  312 | Ashland              |   2 | 0.859 | 0.974 | 1.135 | 0.902
  313 | Western Caro.        |   1 | 0.859 | 0.858 | 0.999 | 0.997
  314 | North Ala.           |   2 | 0.857 | 0.874 | 1.020 | 0.898
  315 | Drury                |   2 | 0.857 | 0.944 | 1.102 | 0.897
  316 | Long Beach St.       |   1 | 0.856 | 0.961 | 1.124 | 1.007
  317 | Adams St.            |   2 | 0.856 | 0.969 | 1.131 | 0.892
  318 | S.C. Upstate         |   1 | 0.856 | 1.056 | 1.233 | 0.950
  319 | Morningside          |   2 | 0.854 | 1.062 | 1.244 | 0.829
  320 | Campbell             |   1 | 0.854 | 0.969 | 1.135 | 0.941
  321 | Southern U.          |   1 | 0.853 | 0.850 | 0.997 | 0.940
  322 | Hillsdale            |   2 | 0.851 | 0.973 | 1.143 | 0.907
  323 | Grambling            |   1 | 0.851 | 0.897 | 1.054 | 0.940
  324 | Morgan St.           |   1 | 0.848 | 0.854 | 1.008 | 0.958
  325 | Mt. St. Mary (NY)    |   3 | 0.846 | 0.781 | 0.924 | 0.731
  326 | Barry                |   2 | 0.845 | 0.823 | 0.974 | 0.913
  327 | Glenville St.        |   2 | 0.845 | 1.257 | 1.486 | 0.863
  328 | Johnson C. Smith     |   2 | 0.843 | 0.867 | 1.028 | 0.869
  329 | Col. of Charleston   |   1 | 0.843 | 0.817 | 0.969 | 0.984
  330 | Franklin Pierce      |   2 | 0.842 | 0.995 | 1.182 | 0.888
  331 | West Tex. A&M        |   2 | 0.842 | 0.949 | 1.127 | 0.894
  332 | Holy Cross           |   1 | 0.841 | 0.942 | 1.121 | 0.975
  333 | Youngstown St.       |   1 | 0.841 | 0.913 | 1.085 | 1.011
  334 | Mo. Southern St.     |   2 | 0.841 | 0.937 | 1.114 | 0.912
  335 | Northwestern St.     |   1 | 0.840 | 0.974 | 1.159 | 0.961
  336 | Harding              |   2 | 0.839 | 0.866 | 1.032 | 0.908
  337 | SIU Edwardsville     |   1 | 0.839 | 0.931 | 1.109 | 0.988
  338 | Central Okla.        |   2 | 0.839 | 1.020 | 1.216 | 0.899
  339 | Wagner               |   1 | 0.837 | 0.941 | 1.124 | 0.936
  340 | Winona St.           |   2 | 0.837 | 0.964 | 1.152 | 0.902
  341 | Mo. Western St.      |   2 | 0.836 | 0.935 | 1.118 | 0.900
  342 | Lafayette            |   1 | 0.836 | 0.873 | 1.044 | 0.971
  343 | UNC Asheville        |   1 | 0.835 | 1.045 | 1.252 | 0.955
  344 | Pittsburg St.        |   2 | 0.835 | 0.895 | 1.071 | 0.906
  345 | Minn. Duluth         |   2 | 0.835 | 0.904 | 1.082 | 0.913
  346 | Canisius             |   1 | 0.835 | 0.839 | 1.005 | 0.959
  347 | Bowdoin              |   3 | 0.833 | 0.895 | 1.075 | 0.814
  348 | Rhode Island         |   1 | 0.833 | 0.902 | 1.082 | 1.006
  349 | Central Mo.          |   2 | 0.832 | 0.948 | 1.138 | 0.907
  350 | Charleston (WV)      |   2 | 0.832 | 0.937 | 1.126 | 0.864
  351 | La.-Lafayette        |   1 | 0.832 | 0.949 | 1.141 | 0.946
  352 | Marshall             |   1 | 0.832 | 0.819 | 0.985 | 1.009
  353 | Assumption           |   2 | 0.831 | 0.947 | 1.140 | 0.887
  354 | St. Rose             |   2 | 0.831 | 0.888 | 1.069 | 0.878
  355 | Alabama A&M          |   1 | 0.830 | 0.897 | 1.080 | 0.922
  356 | Cal St. Northridge   |   1 | 0.830 | 0.928 | 1.118 | 1.012
  357 | Fairleigh Dickinson  |   1 | 0.829 | 0.859 | 1.035 | 0.947
  358 | Shaw                 |   2 | 0.829 | 0.954 | 1.152 | 0.890
  359 | Wingate              |   2 | 0.829 | 0.963 | 1.162 | 0.900
  360 | New Hampshire        |   1 | 0.829 | 0.918 | 1.107 | 0.956
  361 | Eckerd               |   2 | 0.829 | 0.854 | 1.031 | 0.923
  362 | Nicholls St.         |   1 | 0.828 | 0.939 | 1.134 | 0.965
  363 | Coastal Caro.        |   1 | 0.828 | 0.792 | 0.957 | 0.962
  364 | Western Ill.         |   1 | 0.827 | 0.847 | 1.024 | 0.995
  365 | Columbus St.         |   2 | 0.826 | 0.860 | 1.041 | 0.907
  366 | Indianapolis         |   2 | 0.826 | 0.968 | 1.172 | 0.902
  367 | Md.-East. Shore      |   1 | 0.826 | 0.870 | 1.053 | 0.953
  368 | Tiffin               |   2 | 0.826 | 0.869 | 1.052 | 0.876
  369 | Minn.-Crookston      |   2 | 0.824 | 1.005 | 1.219 | 0.912
  370 | St. Augustines       |   2 | 0.823 | 0.984 | 1.196 | 0.876
  371 | Minn. St. Moorhead   |   2 | 0.823 | 0.926 | 1.125 | 0.916
  372 | North Florida        |   1 | 0.822 | 0.840 | 1.021 | 0.953
  373 | Missouri S&T         |   2 | 0.821 | 0.891 | 1.085 | 0.877
  374 | Mesa St.             |   2 | 0.820 | 0.911 | 1.111 | 0.885
  375 | Findlay              |   2 | 0.818 | 0.902 | 1.102 | 0.891
  376 | Washington-St. Louis |   3 | 0.818 | 0.871 | 1.065 | 0.835
  377 | Texas Womans         |   2 | 0.818 | 0.879 | 1.075 | 0.900
  378 | Northwest Nazarene   |   2 | 0.816 | 0.935 | 1.146 | 0.899
  379 | Minn. St. Mankato    |   2 | 0.816 | 0.871 | 1.067 | 0.916
  380 | Colgate              |   1 | 0.816 | 0.940 | 1.152 | 0.954
  381 | Belmont              |   1 | 0.815 | 0.853 | 1.046 | 0.952
  382 | Calvin               |   3 | 0.814 | 0.841 | 1.034 | 0.793
  383 | Catawba              |   2 | 0.814 | 0.920 | 1.130 | 0.891
  384 | Presbyterian         |   1 | 0.814 | 0.778 | 0.956 | 0.959
  385 | Kennesaw St.         |   1 | 0.813 | 0.897 | 1.103 | 0.962
  386 | Bucknell             |   1 | 0.812 | 0.843 | 1.037 | 0.957
  387 | Mississippi Val.     |   1 | 0.812 | 0.917 | 1.129 | 0.954
  388 | Southern Ind.        |   2 | 0.810 | 0.948 | 1.170 | 0.890
  389 | Texas-Arlington      |   1 | 0.810 | 0.881 | 1.088 | 0.973
  390 | Chris. Newport       |   3 | 0.809 | 0.922 | 1.140 | 0.794
  391 | Mont. St. Billings   |   2 | 0.809 | 0.898 | 1.109 | 0.900
  392 | Fla. Atlantic        |   1 | 0.809 | 0.920 | 1.137 | 0.990
  393 | Mt. St. Marys        |   1 | 0.809 | 0.885 | 1.094 | 0.958
  394 | Kean                 |   3 | 0.809 | 0.984 | 1.215 | 0.821
  395 | Western Conn. St.    |   3 | 0.808 | 0.873 | 1.081 | 0.786
  396 | Murray St.           |   1 | 0.808 | 0.913 | 1.131 | 0.947
  397 | Colo. Christian      |   2 | 0.806 | 0.954 | 1.184 | 0.911
  398 | Western St.          |   2 | 0.805 | 0.945 | 1.175 | 0.895
  399 | Brown                |   1 | 0.805 | 0.842 | 1.046 | 0.962
  400 | West Chester         |   2 | 0.803 | 0.932 | 1.161 | 0.841
  401 | Williams             |   3 | 0.802 | 0.899 | 1.121 | 0.826
  402 | Henderson St.        |   2 | 0.801 | 0.993 | 1.241 | 0.902
  403 | Winthrop             |   1 | 0.801 | 0.779 | 0.973 | 0.963
  404 | Cal St. San Bdino    |   2 | 0.801 | 0.879 | 1.097 | 0.880
  405 | St. Michaels         |   2 | 0.801 | 0.874 | 1.091 | 0.880
  406 | Southeastern Okla.   |   2 | 0.801 | 0.992 | 1.239 | 0.890
  407 | Mars Hill            |   2 | 0.800 | 1.019 | 1.273 | 0.888
  408 | Newberry             |   2 | 0.799 | 0.861 | 1.078 | 0.897
  409 | Nova Southeastern    |   2 | 0.799 | 1.011 | 1.265 | 0.926
  410 | DePauw               |   3 | 0.799 | 0.851 | 1.065 | 0.778
  411 | American Intl        |   2 | 0.798 | 0.798 | 1.001 | 0.880
  412 | Bloomsburg           |   2 | 0.798 | 0.970 | 1.215 | 0.835
  413 | Elizabeth City St.   |   2 | 0.797 | 0.847 | 1.063 | 0.845
  414 | Jacksonville St.     |   1 | 0.795 | 0.901 | 1.133 | 0.952
  415 | Simpson              |   3 | 0.794 | 1.005 | 1.265 | 0.809
  416 | Carson-Newman        |   2 | 0.794 | 0.954 | 1.202 | 0.910
  417 | Virginia St.         |   2 | 0.793 | 0.889 | 1.121 | 0.827
  418 | Ferris St.           |   2 | 0.793 | 0.916 | 1.154 | 0.908
  419 | Barton               |   2 | 0.792 | 1.023 | 1.292 | 0.836
  420 | Lipscomb             |   1 | 0.792 | 0.914 | 1.153 | 0.951
  421 | Truman               |   2 | 0.791 | 0.857 | 1.084 | 0.906
  422 | San Francisco        |   1 | 0.791 | 0.922 | 1.166 | 1.002
  423 | Ky. Wesleyan         |   2 | 0.790 | 0.969 | 1.226 | 0.900
  424 | Seton Hill           |   2 | 0.790 | 0.872 | 1.104 | 0.844
  425 | Babson               |   3 | 0.790 | 0.889 | 1.124 | 0.762
  426 | Southeastern La.     |   1 | 0.789 | 0.889 | 1.128 | 0.935
  427 | Eastern Ky.          |   1 | 0.789 | 0.889 | 1.127 | 0.943
  428 | Northwood (MI)       |   2 | 0.788 | 0.891 | 1.131 | 0.909
  429 | Angelo St.           |   2 | 0.788 | 0.832 | 1.057 | 0.878
  430 | Ill. Wesleyan        |   3 | 0.787 | 0.959 | 1.219 | 0.840
  431 | Bryant               |   1 | 0.787 | 0.884 | 1.123 | 0.944
  432 | Tex. Permian Basin   |   2 | 0.787 | 1.116 | 1.418 | 0.855
  433 | Tennessee St.        |   1 | 0.786 | 0.875 | 1.113 | 0.946
  434 | UNC Pembroke         |   2 | 0.786 | 0.867 | 1.104 | 0.896
  435 | Sacramento St.       |   1 | 0.786 | 1.065 | 1.355 | 0.990
  436 | Alcorn St.           |   1 | 0.785 | 0.897 | 1.142 | 0.949
  437 | Hawaii Pacific       |   2 | 0.784 | 0.905 | 1.155 | 0.856
  438 | Cal St. Chico        |   2 | 0.784 | 0.866 | 1.105 | 0.887
  439 | Wis.-La Crosse       |   3 | 0.784 | 0.857 | 1.093 | 0.842
  440 | Columbia             |   1 | 0.784 | 0.868 | 1.108 | 0.971
  441 | Tex.-Pan American    |   1 | 0.783 | 0.996 | 1.271 | 0.949
  442 | Delaware St.         |   1 | 0.783 | 0.808 | 1.033 | 0.961
  443 | West Ala.            |   2 | 0.783 | 0.916 | 1.170 | 0.900
  444 | Lynn                 |   2 | 0.783 | 0.878 | 1.121 | 0.917
  445 | Neb.-Kearney         |   2 | 0.781 | 0.990 | 1.268 | 0.899
  446 | St. Martins          |   2 | 0.781 | 0.838 | 1.073 | 0.896
  447 | Northern Mich.       |   2 | 0.781 | 0.879 | 1.126 | 0.913
  448 | Ga. Southwestern     |   2 | 0.781 | 0.894 | 1.144 | 0.918
  449 | Lewis                |   2 | 0.780 | 0.922 | 1.182 | 0.900
  450 | Bowie St.            |   2 | 0.780 | 0.801 | 1.027 | 0.868
  451 | Chicago              |   3 | 0.780 | 0.950 | 1.219 | 0.825
  452 | Stony Brook          |   1 | 0.779 | 0.922 | 1.184 | 0.942
  453 | Newman               |   2 | 0.779 | 0.967 | 1.242 | 0.868
  454 | Valdosta St.         |   2 | 0.778 | 0.798 | 1.025 | 0.903
  455 | Troy                 |   1 | 0.778 | 0.876 | 1.126 | 0.986
  456 | Millersville         |   2 | 0.778 | 0.853 | 1.097 | 0.854
  457 | Lenoir-Rhyne         |   2 | 0.777 | 0.881 | 1.133 | 0.901
  458 | Bloomfield           |   2 | 0.777 | 0.870 | 1.119 | 0.833
  459 | Winston-Salem        |   2 | 0.776 | 0.850 | 1.096 | 0.865
  460 | St. Cloud St.        |   2 | 0.775 | 0.918 | 1.184 | 0.918
  461 | Dist. Columbia       |   2 | 0.775 | 0.857 | 1.105 | 0.817
  462 | Humboldt St.         |   2 | 0.774 | 0.962 | 1.244 | 0.876
  463 | Wis.-Whitewater      |   3 | 0.773 | 0.962 | 1.244 | 0.853
  464 | Jackson St.          |   1 | 0.773 | 0.824 | 1.066 | 0.917
  465 | Montevallo           |   2 | 0.770 | 0.831 | 1.079 | 0.905
  466 | Bethune-Cookman      |   1 | 0.770 | 0.833 | 1.082 | 0.928
  467 | Dartmouth            |   1 | 0.767 | 0.853 | 1.112 | 0.978
  468 | Rochester (NY)       |   3 | 0.766 | 0.859 | 1.121 | 0.799
  469 | Stonehill            |   2 | 0.764 | 0.876 | 1.147 | 0.880
  470 | Thomas More          |   3 | 0.764 | 0.833 | 1.090 | 0.783
  471 | Utah Valley          |   1 | 0.762 | 0.888 | 1.167 | 0.959
  472 | Wis.-Eau Claire      |   3 | 0.760 | 0.815 | 1.073 | 0.847
  473 | Concordia-Mhead      |   3 | 0.760 | 0.884 | 1.164 | 0.827
  474 | Fort Hays St.        |   2 | 0.760 | 0.842 | 1.108 | 0.910
  475 | Norfolk St.          |   1 | 0.759 | 0.890 | 1.173 | 0.934
  476 | Colby                |   3 | 0.758 | 0.884 | 1.167 | 0.809
  477 | Southwest Baptist    |   2 | 0.756 | 0.882 | 1.166 | 0.916
  478 | Anderson (SC)        |   2 | 0.755 | 0.840 | 1.112 | 0.905
  479 | Cornell              |   1 | 0.754 | 0.810 | 1.074 | 0.966
  480 | Mount Olive          |   2 | 0.753 | 0.911 | 1.210 | 0.827
  481 | IUPUI                |   1 | 0.753 | 0.819 | 1.087 | 0.975
  482 | Colorado St.-Pueblo  |   2 | 0.752 | 0.881 | 1.171 | 0.879
  483 | South Carolina St.   |   1 | 0.751 | 0.812 | 1.081 | 0.935
  484 | St. Marys (TX)       |   2 | 0.751 | 0.786 | 1.047 | 0.878
  485 | Texas Southern       |   1 | 0.751 | 0.813 | 1.083 | 0.942
  486 | Lebanon Valley       |   3 | 0.749 | 0.799 | 1.066 | 0.769
  487 | Southern Ill.        |   1 | 0.748 | 0.810 | 1.083 | 1.018
  488 | Wayne St. (MI)       |   2 | 0.748 | 0.878 | 1.175 | 0.914
  489 | North Ga.            |   2 | 0.748 | 0.845 | 1.129 | 0.916
  490 | Louisiana Col.       |   3 | 0.747 | 0.945 | 1.266 | 0.786
  491 | USP                  |   2 | 0.746 | 0.825 | 1.107 | 0.815
  492 | Kutztown             |   2 | 0.746 | 0.927 | 1.244 | 0.829
  493 | George Fox           |   3 | 0.746 | 0.848 | 1.137 | 0.817
  494 | Wofford              |   1 | 0.746 | 0.909 | 1.219 | 0.977
  495 | Mount Union          |   3 | 0.744 | 0.898 | 1.207 | 0.810
  496 | St. Thomas (MN)      |   3 | 0.744 | 0.851 | 1.143 | 0.827
  497 | Livingstone          |   2 | 0.744 | 0.982 | 1.319 | 0.857
  498 | Carthage             |   3 | 0.743 | 0.832 | 1.120 | 0.814
  499 | Cal St. Stanislaus   |   2 | 0.743 | 0.984 | 1.324 | 0.890
  500 | UC-Colo. Springs     |   2 | 0.741 | 0.875 | 1.181 | 0.896
  501 | Lincoln Memorial     |   2 | 0.740 | 0.918 | 1.240 | 0.908
  502 | Southwest Minn. St.  |   2 | 0.739 | 0.821 | 1.110 | 0.918
  503 | Tufts                |   3 | 0.739 | 0.771 | 1.044 | 0.804
  504 | Greensboro           |   3 | 0.738 | 0.850 | 1.151 | 0.769
  505 | Chowan               |   2 | 0.738 | 0.785 | 1.064 | 0.860
  506 | St. Peters           |   1 | 0.736 | 0.848 | 1.152 | 0.962
  507 | Wis.-River Falls     |   3 | 0.735 | 0.800 | 1.089 | 0.844
  508 | Eastern Conn. St.    |   3 | 0.735 | 0.827 | 1.125 | 0.811
  509 | Maryville (MO)       |   2 | 0.735 | 0.887 | 1.207 | 0.856
  510 | Concord              |   2 | 0.734 | 0.911 | 1.241 | 0.866
  511 | Southern Conn. St.   |   2 | 0.733 | 0.827 | 1.128 | 0.879
  512 | Southern N.H.        |   2 | 0.733 | 0.832 | 1.135 | 0.883
  513 | Mercer               |   1 | 0.732 | 0.881 | 1.204 | 0.962
  514 | Abilene Christian    |   2 | 0.732 | 0.945 | 1.290 | 0.886
  515 | Cameron              |   2 | 0.732 | 0.849 | 1.161 | 0.888
  516 | Southwestern Okla.   |   2 | 0.732 | 0.874 | 1.194 | 0.880
  517 | St. Vincent          |   3 | 0.731 | 0.841 | 1.151 | 0.775
  518 | Bates                |   3 | 0.731 | 0.927 | 1.268 | 0.821
  519 | Caldwell             |   2 | 0.731 | 0.900 | 1.232 | 0.825
  520 | Philadelphia U.      |   2 | 0.730 | 0.903 | 1.238 | 0.823
  521 | Denison              |   3 | 0.730 | 0.836 | 1.145 | 0.767
  522 | Eastern Ore.         |   3 | 0.729 | 0.861 | 1.181 | 0.863
  523 | Western Ore.         |   2 | 0.727 | 0.859 | 1.181 | 0.920
  524 | Shippensburg         |   2 | 0.727 | 0.910 | 1.252 | 0.854
  525 | Neb.-Omaha           |   2 | 0.726 | 0.925 | 1.274 | 0.919
  526 | Mass.-Lowell         |   2 | 0.725 | 0.876 | 1.208 | 0.887
  527 | Dowling              |   2 | 0.725 | 0.799 | 1.103 | 0.840
  528 | A&M-Corpus Christi   |   1 | 0.724 | 0.905 | 1.250 | 0.943
  529 | Texas St.            |   1 | 0.722 | 0.878 | 1.217 | 0.931
  530 | Benedict             |   2 | 0.722 | 0.814 | 1.127 | 0.836
  531 | Southeast Mo. St.    |   1 | 0.721 | 0.752 | 1.043 | 0.969
  532 | Chapman              |   3 | 0.721 | 0.827 | 1.147 | 0.801
  533 | Gannon               |   2 | 0.720 | 0.895 | 1.244 | 0.852
  534 | NJIT                 |   1 | 0.720 | 0.817 | 1.135 | 0.954
  535 | St. Norbert          |   3 | 0.719 | 0.791 | 1.100 | 0.787
  536 | San Jose St.         |   1 | 0.718 | 0.734 | 1.021 | 0.997
  537 | Ark.-Monticello      |   2 | 0.718 | 0.857 | 1.194 | 0.908
  538 | Saginaw Valley       |   2 | 0.718 | 0.848 | 1.180 | 0.916
  539 | St. Benedict         |   3 | 0.718 | 0.858 | 1.195 | 0.821
  540 | Coe                  |   3 | 0.717 | 0.818 | 1.140 | 0.809
  541 | Midwestern St.       |   2 | 0.717 | 0.909 | 1.268 | 0.884
  542 | Albany St. (GA)      |   2 | 0.716 | 0.901 | 1.259 | 0.847
  543 | Pfeiffer             |   2 | 0.716 | 0.871 | 1.217 | 0.832
  544 | Baldwin-Wallace      |   3 | 0.715 | 0.831 | 1.163 | 0.814
  545 | West Fla.            |   2 | 0.714 | 0.871 | 1.221 | 0.902
  546 | Pitt.-Johnstown      |   2 | 0.714 | 0.898 | 1.258 | 0.852
  547 | West Va. Wesleyan    |   2 | 0.713 | 0.857 | 1.202 | 0.853
  548 | Ohio Northern        |   3 | 0.713 | 0.833 | 1.168 | 0.813
  549 | Wm. Paterson         |   3 | 0.713 | 0.870 | 1.220 | 0.783
  550 | Alabama St.          |   1 | 0.713 | 0.796 | 1.116 | 0.936
  551 | Maine                |   1 | 0.713 | 0.846 | 1.186 | 0.954
  552 | Fort Valley St.      |   2 | 0.712 | 0.848 | 1.191 | 0.845
  553 | Goldey-Beacom        |   2 | 0.709 | 0.843 | 1.190 | 0.843
  554 | Limestone            |   2 | 0.709 | 0.800 | 1.127 | 0.823
  555 | N.C. Central         |   1 | 0.709 | 0.784 | 1.105 | 0.962
  556 | St. Leo              |   2 | 0.708 | 0.787 | 1.112 | 0.914
  557 | Fairmont St.         |   2 | 0.708 | 0.880 | 1.242 | 0.856
  558 | P.R.-Rio Piedras     |   2 | 0.708 | 0.748 | 1.056 | 0.860
  559 | Ala.-Huntsville      |   2 | 0.708 | 0.980 | 1.384 | 0.884
  560 | Colorado Mines       |   2 | 0.707 | 0.838 | 1.186 | 0.902
  561 | Shepherd             |   2 | 0.706 | 0.938 | 1.328 | 0.847
  562 | Bellarmine           |   2 | 0.703 | 0.949 | 1.351 | 0.888
  563 | Wartburg             |   3 | 0.703 | 0.811 | 1.153 | 0.804
  564 | Regis (CO)           |   2 | 0.703 | 0.885 | 1.260 | 0.889
  565 | St. Josephs (IN)     |   2 | 0.702 | 0.913 | 1.301 | 0.899
  566 | Vermont              |   1 | 0.701 | 0.752 | 1.072 | 0.982
  567 | Sonoma St.           |   2 | 0.701 | 0.755 | 1.077 | 0.891
  568 | Miles                |   2 | 0.701 | 0.796 | 1.136 | 0.830
  569 | St. Thomas Aquinas   |   2 | 0.701 | 0.830 | 1.184 | 0.830
  570 | East Central         |   2 | 0.700 | 0.896 | 1.280 | 0.886
  571 | Lewis & Clark        |   3 | 0.700 | 0.855 | 1.221 | 0.809
  572 | Queens (NC)          |   2 | 0.700 | 0.836 | 1.194 | 0.838
  573 | Bemidji St.          |   2 | 0.699 | 0.874 | 1.251 | 0.910
  574 | Rider                |   1 | 0.699 | 0.828 | 1.185 | 0.968
  575 | Johns Hopkins        |   3 | 0.698 | 0.807 | 1.157 | 0.773
  576 | West Ga.             |   2 | 0.696 | 0.761 | 1.095 | 0.896
  577 | St. Anselm           |   2 | 0.694 | 0.724 | 1.043 | 0.879
  578 | Tuskegee             |   2 | 0.693 | 0.850 | 1.225 | 0.832
  579 | Cal Lutheran         |   3 | 0.693 | 0.781 | 1.126 | 0.783
  580 | Gust. Adolphus       |   3 | 0.691 | 0.869 | 1.256 | 0.829
  581 | Felician             |   2 | 0.691 | 0.833 | 1.205 | 0.801
  582 | Central Wash.        |   2 | 0.691 | 0.871 | 1.261 | 0.884
  583 | Rhode Island Col.    |   3 | 0.690 | 0.844 | 1.223 | 0.776
  584 | Brevard              |   2 | 0.690 | 0.827 | 1.199 | 0.891
  585 | N.M. Highlands       |   2 | 0.690 | 0.862 | 1.249 | 0.893
  586 | Bridgeport           |   2 | 0.688 | 0.799 | 1.163 | 0.839
  587 | Merrimack            |   2 | 0.688 | 0.859 | 1.249 | 0.887
  588 | Southern Ark.        |   2 | 0.686 | 0.904 | 1.318 | 0.912
  589 | U New England        |   3 | 0.685 | 0.842 | 1.230 | 0.763
  590 | Occidental           |   3 | 0.685 | 0.752 | 1.098 | 0.786
  591 | Howard Payne         |   3 | 0.685 | 0.850 | 1.241 | 0.783
  592 | Wheaton (IL)         |   3 | 0.684 | 0.840 | 1.229 | 0.815
  593 | Stillman             |   2 | 0.683 | 0.848 | 1.242 | 0.831
  594 | Eastern N.M.         |   2 | 0.681 | 0.829 | 1.217 | 0.892
  595 | Kentucky St.         |   2 | 0.680 | 0.737 | 1.083 | 0.826
  596 | Mercyhurst           |   2 | 0.680 | 0.827 | 1.216 | 0.868
  597 | West Virginia St.    |   2 | 0.679 | 0.875 | 1.288 | 0.862
  598 | Hanover              |   3 | 0.679 | 0.914 | 1.346 | 0.774
  599 | Academy of Art       |   2 | 0.677 | 0.882 | 1.303 | 0.851
  600 | Wis.-Oshkosh         |   3 | 0.676 | 0.764 | 1.130 | 0.833
  601 | Scranton             |   3 | 0.676 | 0.775 | 1.145 | 0.773
  602 | Muhlenberg           |   3 | 0.675 | 0.880 | 1.304 | 0.796
  603 | Ohio Valley          |   2 | 0.674 | 0.872 | 1.295 | 0.846
  604 | Cal St. L.A.         |   2 | 0.673 | 0.831 | 1.235 | 0.883
  605 | Mo.-St. Louis        |   2 | 0.671 | 0.863 | 1.286 | 0.894
  606 | Armstrong Atlantic   |   2 | 0.671 | 0.884 | 1.318 | 0.908
  607 | Puget Sound          |   3 | 0.669 | 0.782 | 1.168 | 0.799
  608 | Incarnate Word       |   2 | 0.669 | 0.786 | 1.175 | 0.881
  609 | Millikin             |   3 | 0.667 | 0.818 | 1.227 | 0.818
  610 | San Fran. St.        |   2 | 0.667 | 0.689 | 1.033 | 0.893
  611 | St. Edwards          |   2 | 0.667 | 0.775 | 1.163 | 0.884
  612 | Messiah              |   3 | 0.666 | 0.699 | 1.051 | 0.796
  613 | Davis & Elkins       |   2 | 0.666 | 0.819 | 1.231 | 0.854
  614 | Ithaca               |   3 | 0.666 | 0.819 | 1.230 | 0.780
  615 | P.R.-Bayamon         |   2 | 0.665 | 0.840 | 1.263 | 0.926
  616 | Chadron St.          |   2 | 0.665 | 0.794 | 1.194 | 0.902
  617 | C.W. Post            |   2 | 0.665 | 0.773 | 1.162 | 0.837
  618 | Southern Me.         |   3 | 0.663 | 0.838 | 1.264 | 0.805
  619 | King (TN)            |   2 | 0.663 | 0.820 | 1.236 | 0.832
  620 | Belmont Abbey        |   2 | 0.662 | 0.791 | 1.195 | 0.833
  621 | Mary Washington      |   3 | 0.662 | 0.688 | 1.040 | 0.750
  622 | Le Moyne             |   2 | 0.660 | 0.774 | 1.174 | 0.877
  623 | BYU-Hawaii           |   2 | 0.658 | 0.866 | 1.316 | 0.864
  624 | Bethel (MN)          |   3 | 0.656 | 0.743 | 1.132 | 0.822
  625 | Redlands             |   3 | 0.656 | 0.785 | 1.197 | 0.772
  626 | Gettysburg           |   3 | 0.656 | 0.782 | 1.192 | 0.757
  627 | Niagara              |   1 | 0.655 | 0.757 | 1.156 | 0.967
  628 | Lock Haven           |   2 | 0.655 | 0.829 | 1.267 | 0.851
  629 | Lake Erie            |   2 | 0.655 | 0.867 | 1.325 | 0.924
  630 | Loras                |   3 | 0.655 | 0.776 | 1.184 | 0.822
  631 | Palm Beach Atl.      |   2 | 0.654 | 0.746 | 1.141 | 0.905
  632 | Hawaii Hilo          |   2 | 0.652 | 0.734 | 1.125 | 0.848
  633 | Notre Dame de Namur  |   2 | 0.652 | 0.791 | 1.213 | 0.868
  634 | St. Francis (NY)     |   1 | 0.651 | 0.742 | 1.139 | 0.944
  635 | Ark.-Pine Bluff      |   1 | 0.651 | 0.836 | 1.283 | 0.972
  636 | Neb. Wesleyan        |   3 | 0.650 | 0.803 | 1.236 | 0.804
  637 | Adelphi              |   2 | 0.649 | 0.766 | 1.180 | 0.881
  638 | Ferrum               |   3 | 0.648 | 0.874 | 1.348 | 0.779
  639 | Baruch               |   3 | 0.647 | 0.876 | 1.355 | 0.737
  640 | Kenyon               |   3 | 0.647 | 0.805 | 1.244 | 0.792
  641 | SUNY Geneseo         |   3 | 0.647 | 0.766 | 1.183 | 0.757
  642 | Case                 |   3 | 0.646 | 0.794 | 1.230 | 0.810
  643 | Wheeling Jesuit      |   2 | 0.646 | 0.799 | 1.237 | 0.862
  644 | Texas-Dallas         |   3 | 0.646 | 0.778 | 1.204 | 0.783
  645 | Emmanuel (MA)        |   3 | 0.645 | 0.846 | 1.311 | 0.747
  646 | Whitman              |   3 | 0.645 | 0.803 | 1.245 | 0.806
  647 | Transylvania         |   3 | 0.644 | 0.865 | 1.343 | 0.774
  648 | DeSales              |   3 | 0.644 | 0.758 | 1.178 | 0.770
  649 | Houston Baptist      |   1 | 0.643 | 0.801 | 1.245 | 0.975
  650 | McMurry              |   3 | 0.641 | 0.765 | 1.193 | 0.781
  651 | Wis. Lutheran        |   3 | 0.641 | 0.825 | 1.287 | 0.760
  652 | SUNY Cortland        |   3 | 0.641 | 0.866 | 1.350 | 0.760
  653 | Randolph-Macon       |   3 | 0.639 | 0.811 | 1.270 | 0.760
  654 | Maryville (TN)       |   3 | 0.638 | 0.829 | 1.298 | 0.725
  655 | Mississippi Col.     |   3 | 0.638 | 0.826 | 1.294 | 0.776
  656 | Hamline              |   3 | 0.638 | 0.863 | 1.353 | 0.826
  657 | Trinity (CT)         |   3 | 0.638 | 0.762 | 1.195 | 0.808
  658 | Juniata              |   3 | 0.638 | 0.836 | 1.310 | 0.776
  659 | Tex. A&M-Commerce    |   2 | 0.635 | 0.872 | 1.374 | 0.894
  660 | Christian Bros.      |   2 | 0.635 | 0.797 | 1.256 | 0.894
  661 | Linfield             |   3 | 0.634 | 0.775 | 1.222 | 0.788
  662 | Queens (NY)          |   2 | 0.633 | 0.841 | 1.328 | 0.843
  663 | Endicott             |   3 | 0.632 | 0.751 | 1.187 | 0.744
  664 | Flagler              |   2 | 0.632 | 0.791 | 1.251 | 0.909
  665 | Capital              |   3 | 0.630 | 0.826 | 1.311 | 0.813
  666 | Macalester           |   3 | 0.630 | 0.768 | 1.218 | 0.827
  667 | Widener              |   3 | 0.629 | 0.889 | 1.414 | 0.779
  668 | Bridgewater (VA)     |   3 | 0.629 | 0.838 | 1.331 | 0.737
  669 | Oakland City         |   2 | 0.629 | 0.830 | 1.320 | 0.850
  670 | St. Marys (IN)       |   3 | 0.628 | 0.871 | 1.388 | 0.783
  671 | Wilmington (OH)      |   3 | 0.627 | 0.770 | 1.228 | 0.819
  672 | Stevens Institute    |   3 | 0.626 | 0.696 | 1.111 | 0.755
  673 | St. Olaf             |   3 | 0.625 | 0.799 | 1.279 | 0.815
  674 | Dominican (NY)       |   2 | 0.623 | 0.759 | 1.218 | 0.830
  675 | Erskine              |   2 | 0.623 | 0.846 | 1.358 | 0.836
  676 | Upper Iowa           |   2 | 0.622 | 0.787 | 1.264 | 0.925
  677 | Augusta St.          |   2 | 0.622 | 0.777 | 1.248 | 0.903
  678 | John Carroll         |   3 | 0.622 | 0.921 | 1.481 | 0.814
  679 | Roanoke              |   3 | 0.622 | 0.786 | 1.262 | 0.756
  680 | Centenary (LA)       |   1 | 0.620 | 0.842 | 1.357 | 0.975
  681 | Mary Hardin-Baylor   |   3 | 0.620 | 0.776 | 1.251 | 0.784
  682 | Lake Forest          |   3 | 0.619 | 0.835 | 1.349 | 0.773
  683 | Fayetteville St.     |   2 | 0.619 | 0.796 | 1.285 | 0.886
  684 | Lincoln (MO)         |   2 | 0.618 | 0.753 | 1.218 | 0.904
  685 | Otterbein            |   3 | 0.618 | 0.803 | 1.300 | 0.806
  686 | Middlebury           |   3 | 0.617 | 0.835 | 1.352 | 0.789
  687 | Richard Stockton     |   3 | 0.617 | 0.791 | 1.282 | 0.791
  688 | Ill.-Springfield     |   2 | 0.617 | 0.808 | 1.310 | 0.870
  689 | Penn St.-Behrend     |   3 | 0.617 | 0.786 | 1.275 | 0.719
  690 | Salve Regina         |   3 | 0.616 | 0.715 | 1.160 | 0.748
  691 | Monmouth (IL)        |   3 | 0.616 | 0.781 | 1.267 | 0.770
  692 | Minn.-Morris         |   3 | 0.616 | 0.805 | 1.308 | 0.726
  693 | Montclair St.        |   3 | 0.615 | 0.772 | 1.255 | 0.788
  694 | New Haven            |   2 | 0.614 | 0.772 | 1.257 | 0.888
  695 | North Greenville     |   2 | 0.614 | 0.789 | 1.286 | 0.867
  696 | Westfield St.        |   3 | 0.613 | 0.713 | 1.164 | 0.757
  697 | William Smith        |   3 | 0.612 | 0.861 | 1.406 | 0.787
  698 | Tex. A&M-Kingsville  |   2 | 0.612 | 0.800 | 1.309 | 0.890
  699 | Cal St. East Bay     |   2 | 0.611 | 0.687 | 1.125 | 0.887
  700 | St. Lawrence         |   3 | 0.610 | 0.817 | 1.338 | 0.761
  701 | TCNJ                 |   3 | 0.610 | 0.698 | 1.144 | 0.771
  702 | Bridgewater St.      |   3 | 0.610 | 0.912 | 1.496 | 0.769
  703 | Oneonta St.          |   3 | 0.610 | 0.764 | 1.252 | 0.765
  704 | Tex. A&M Intl        |   2 | 0.610 | 0.848 | 1.390 | 0.874
  705 | Clarion              |   2 | 0.609 | 0.798 | 1.312 | 0.869
  706 | Dubuque              |   3 | 0.608 | 0.800 | 1.316 | 0.821
  707 | Claremont-M-S        |   3 | 0.608 | 0.799 | 1.314 | 0.761
  708 | NYIT                 |   2 | 0.607 | 0.822 | 1.355 | 0.823
  709 | Centre               |   3 | 0.607 | 0.799 | 1.316 | 0.778
  710 | Wittenberg           |   3 | 0.607 | 0.785 | 1.294 | 0.793
  711 | Dominican (CA)       |   2 | 0.607 | 0.780 | 1.284 | 0.875
  712 | Manhattanville       |   3 | 0.606 | 0.809 | 1.336 | 0.770
  713 | Albion               |   3 | 0.606 | 0.741 | 1.222 | 0.793
  714 | Buena Vista          |   3 | 0.605 | 0.839 | 1.387 | 0.807
  715 | Emory                |   3 | 0.604 | 0.867 | 1.434 | 0.794
  716 | Medaille             |   3 | 0.603 | 0.786 | 1.303 | 0.741
  717 | Hardin-Simmons       |   3 | 0.603 | 0.835 | 1.384 | 0.782
  718 | Concordia (TX)       |   3 | 0.602 | 0.836 | 1.388 | 0.778
  719 | New York U.          |   3 | 0.602 | 0.823 | 1.368 | 0.800
  720 | New Paltz St.        |   3 | 0.602 | 0.749 | 1.245 | 0.788
  721 | Dominican (IL)       |   3 | 0.601 | 0.873 | 1.454 | 0.758
  722 | Frank. & Marsh.      |   3 | 0.601 | 0.769 | 1.280 | 0.772
  723 | Farmingdale St.      |   3 | 0.601 | 0.748 | 1.245 | 0.716
  724 | St. Marys (MN)       |   3 | 0.599 | 0.736 | 1.229 | 0.822
  725 | Central St. (OH)     |   2 | 0.599 | 0.832 | 1.389 | 0.799
  726 | Clark Atlanta        |   2 | 0.598 | 0.806 | 1.348 | 0.832
  727 | Misericordia         |   3 | 0.597 | 0.708 | 1.186 | 0.763
  728 | Concordia (WI)       |   3 | 0.597 | 0.772 | 1.293 | 0.768
  729 | Muskingum            |   3 | 0.597 | 0.747 | 1.251 | 0.808
  730 | Texas Wesleyan       |   3 | 0.596 | 0.775 | 1.302 | 0.790
  731 | Rensselaer           |   3 | 0.596 | 0.778 | 1.305 | 0.809
  732 | Wis.-Platteville     |   3 | 0.594 | 0.759 | 1.278 | 0.847
  733 | Regis (MA)           |   3 | 0.593 | 0.740 | 1.249 | 0.754
  734 | Carroll (WI)         |   3 | 0.593 | 0.835 | 1.409 | 0.775
  735 | Franklin             |   3 | 0.593 | 0.739 | 1.246 | 0.761
  736 | Allegheny            |   3 | 0.593 | 0.849 | 1.431 | 0.781
  737 | Rowan                |   3 | 0.592 | 0.843 | 1.424 | 0.784
  738 | Molloy               |   2 | 0.590 | 0.730 | 1.237 | 0.847
  739 | Claflin              |   2 | 0.590 | 0.738 | 1.251 | 0.836
  740 | Union (NY)           |   3 | 0.589 | 0.737 | 1.252 | 0.776
  741 | Wash. & Lee          |   3 | 0.589 | 0.762 | 1.295 | 0.749
  742 | La Roche             |   3 | 0.589 | 0.723 | 1.227 | 0.733
  743 | Alas. Fairbanks      |   2 | 0.588 | 0.781 | 1.329 | 0.913
  744 | Wis.-Stout           |   3 | 0.588 | 0.803 | 1.365 | 0.831
  745 | Keene St.            |   3 | 0.586 | 0.721 | 1.231 | 0.803
  746 | Lane                 |   2 | 0.586 | 0.732 | 1.250 | 0.832
  747 | Wis.-Superior        |   3 | 0.585 | 0.840 | 1.435 | 0.827
  748 | Lees-McRae           |   2 | 0.585 | 0.771 | 1.319 | 0.829
  749 | St. Catherine        |   3 | 0.585 | 0.774 | 1.324 | 0.821
  750 | LaGrange             |   3 | 0.583 | 0.895 | 1.534 | 0.710
  751 | Brandeis             |   3 | 0.583 | 0.688 | 1.180 | 0.803
  752 | Ozarks (AR)          |   3 | 0.582 | 0.783 | 1.344 | 0.787
  753 | Ursinus              |   3 | 0.582 | 0.679 | 1.165 | 0.772
  754 | Waynesburg           |   3 | 0.581 | 0.764 | 1.314 | 0.775
  755 | Piedmont             |   3 | 0.581 | 0.755 | 1.300 | 0.726
  756 | Westminster (MO)     |   3 | 0.580 | 0.846 | 1.458 | 0.737
  757 | Elizabethtown        |   3 | 0.580 | 0.774 | 1.334 | 0.767
  758 | Skidmore             |   3 | 0.579 | 0.732 | 1.266 | 0.778
  759 | Elmhurst             |   3 | 0.579 | 0.771 | 1.330 | 0.814
  760 | Western N.M.         |   2 | 0.579 | 0.756 | 1.307 | 0.909
  761 | American (PR)        |   2 | 0.579 | 0.750 | 1.296 | 0.951
  762 | Rutgers-Newark       |   3 | 0.578 | 0.726 | 1.255 | 0.753
  763 | Cal St. Dom. Hills   |   2 | 0.578 | 0.696 | 1.204 | 0.894
  764 | Menlo                |   3 | 0.576 | 0.798 | 1.385 | 0.797
  765 | Moravian             |   3 | 0.574 | 0.815 | 1.420 | 0.769
  766 | Ramapo               |   3 | 0.574 | 0.690 | 1.202 | 0.745
  767 | Wesleyan (CT)        |   3 | 0.573 | 0.676 | 1.179 | 0.812
  768 | Birmingham-So.       |   3 | 0.573 | 0.753 | 1.314 | 0.765
  769 | North Park           |   3 | 0.573 | 0.739 | 1.290 | 0.805
  770 | Trinity (TX)         |   3 | 0.573 | 0.802 | 1.399 | 0.775
  771 | St. John Fisher      |   3 | 0.573 | 0.778 | 1.357 | 0.766
  772 | Spalding             |   3 | 0.572 | 0.753 | 1.317 | 0.725
  773 | Chestnut Hill        |   2 | 0.572 | 0.761 | 1.330 | 0.828
  774 | WPI                  |   3 | 0.570 | 0.676 | 1.187 | 0.746
  775 | Illinois Col.        |   3 | 0.570 | 0.716 | 1.257 | 0.771
  776 | Texas-Tyler          |   3 | 0.567 | 0.821 | 1.448 | 0.791
  777 | Whitworth            |   3 | 0.567 | 0.790 | 1.393 | 0.796
  778 | Rockhurst            |   2 | 0.566 | 0.653 | 1.154 | 0.895
  779 | Ohio Wesleyan        |   3 | 0.566 | 0.829 | 1.465 | 0.786
  780 | Averett              |   3 | 0.565 | 0.667 | 1.180 | 0.766
  781 | Utica                |   3 | 0.565 | 0.781 | 1.383 | 0.754
  782 | Haverford            |   3 | 0.565 | 0.679 | 1.202 | 0.764
  783 | Vassar               |   3 | 0.564 | 0.777 | 1.379 | 0.761
  784 | Benedictine (IL)     |   3 | 0.563 | 0.730 | 1.295 | 0.762
  785 | Alvernia             |   3 | 0.563 | 0.743 | 1.319 | 0.778
  786 | La Verne             |   3 | 0.562 | 0.806 | 1.436 | 0.780
  787 | Kings (PA)           |   3 | 0.562 | 0.760 | 1.353 | 0.759
  788 | Nyack                |   2 | 0.562 | 0.713 | 1.268 | 0.819
  789 | Southwestern (TX)    |   3 | 0.561 | 0.833 | 1.485 | 0.760
  790 | Gwynedd-Mercy        |   3 | 0.560 | 0.781 | 1.394 | 0.727
  791 | Mercy                |   2 | 0.559 | 0.816 | 1.459 | 0.823
  792 | Manchester           |   3 | 0.558 | 0.724 | 1.297 | 0.782
  793 | North Central (IL)   |   3 | 0.558 | 0.764 | 1.371 | 0.817
  794 | Virginia Union       |   2 | 0.558 | 0.719 | 1.290 | 0.878
  795 | LeMoyne-Owen         |   2 | 0.557 | 0.780 | 1.399 | 0.827
  796 | Hendrix              |   3 | 0.556 | 0.754 | 1.356 | 0.769
  797 | Neumann              |   3 | 0.555 | 0.754 | 1.359 | 0.734
  798 | Washington Col.      |   3 | 0.555 | 0.749 | 1.351 | 0.768
  799 | Keuka                |   3 | 0.554 | 0.668 | 1.207 | 0.686
  800 | Okla. Panhandle      |   2 | 0.553 | 0.780 | 1.410 | 0.890
  801 | Mansfield            |   2 | 0.553 | 0.749 | 1.353 | 0.825
  802 | Luther               |   3 | 0.552 | 0.706 | 1.280 | 0.813
  803 | West Va. Tech        |   2 | 0.551 | 0.794 | 1.443 | 0.839
  804 | Catholic             |   3 | 0.551 | 0.800 | 1.452 | 0.748
  805 | Fontbonne            |   3 | 0.550 | 0.735 | 1.337 | 0.755
  806 | Lincoln (PA)         |   2 | 0.550 | 0.741 | 1.347 | 0.847
  807 | Swarthmore           |   3 | 0.549 | 0.738 | 1.344 | 0.764
  808 | Marywood             |   3 | 0.548 | 0.708 | 1.291 | 0.713
  809 | Edgewood             |   3 | 0.547 | 0.710 | 1.298 | 0.773
  810 | Slippery Rock        |   2 | 0.547 | 0.687 | 1.257 | 0.873
  811 | Cornell College      |   3 | 0.546 | 0.697 | 1.276 | 0.818
  812 | Post                 |   2 | 0.544 | 0.726 | 1.335 | 0.815
  813 | Shenandoah           |   3 | 0.543 | 0.711 | 1.310 | 0.771
  814 | Grinnell             |   3 | 0.543 | 0.674 | 1.241 | 0.780
  815 | Grove City           |   3 | 0.543 | 0.711 | 1.310 | 0.777
  816 | St. Josephs (ME)     |   3 | 0.543 | 0.692 | 1.274 | 0.716
  817 | Defiance             |   3 | 0.542 | 0.853 | 1.575 | 0.772
  818 | East. Mennonite      |   3 | 0.542 | 0.786 | 1.450 | 0.745
  819 | Smith                |   3 | 0.541 | 0.694 | 1.281 | 0.742
  820 | Immaculata           |   3 | 0.541 | 0.797 | 1.471 | 0.711
  821 | Millsaps             |   3 | 0.541 | 0.667 | 1.233 | 0.760
  822 | Wesley               |   3 | 0.539 | 0.718 | 1.331 | 0.754
  823 | Springfield          |   3 | 0.539 | 0.684 | 1.267 | 0.766
  824 | Dickinson            |   3 | 0.537 | 0.669 | 1.247 | 0.766
  825 | East Tex. Baptist    |   3 | 0.537 | 0.727 | 1.353 | 0.790
  826 | Northwestern (MN)    |   3 | 0.537 | 0.730 | 1.359 | 0.745
  827 | Buffalo St.          |   3 | 0.536 | 0.720 | 1.345 | 0.746
  828 | Methodist            |   3 | 0.536 | 0.682 | 1.272 | 0.769
  829 | Paine                |   2 | 0.535 | 0.691 | 1.290 | 0.832
  830 | Rose-Hulman          |   3 | 0.535 | 0.649 | 1.212 | 0.779
  831 | Dallas               |   3 | 0.535 | 0.712 | 1.330 | 0.767
  832 | Concordia (NY)       |   2 | 0.534 | 0.756 | 1.416 | 0.832
  833 | Guilford             |   3 | 0.534 | 0.782 | 1.465 | 0.750
  834 | Ripon                |   3 | 0.533 | 0.661 | 1.241 | 0.783
  835 | Worcester St.        |   3 | 0.533 | 0.650 | 1.220 | 0.762
  836 | Webster              |   3 | 0.532 | 0.694 | 1.305 | 0.738
  837 | Pacific Lutheran     |   3 | 0.532 | 0.758 | 1.425 | 0.804
  838 | Berry                |   3 | 0.532 | 0.752 | 1.413 | 0.776
  839 | Alma                 |   3 | 0.531 | 0.700 | 1.316 | 0.804
  840 | Texas Lutheran       |   3 | 0.531 | 0.756 | 1.425 | 0.780
  841 | St. Pauls            |   2 | 0.530 | 0.703 | 1.325 | 0.871
  842 | Rockford             |   3 | 0.528 | 0.704 | 1.333 | 0.763
  843 | Mass. Liberal Arts   |   3 | 0.528 | 0.745 | 1.409 | 0.740
  844 | Eastern              |   3 | 0.527 | 0.711 | 1.349 | 0.747
  845 | Wash. & Jeff.        |   3 | 0.526 | 0.677 | 1.287 | 0.778
  846 | Hiram                |   3 | 0.525 | 0.727 | 1.384 | 0.778
  847 | Converse             |   2 | 0.525 | 0.737 | 1.403 | 0.842
  848 | St. Joseph (CT)      |   3 | 0.525 | 0.709 | 1.351 | 0.668
  849 | Roger Williams       |   3 | 0.523 | 0.713 | 1.363 | 0.736
  850 | Carleton             |   3 | 0.523 | 0.701 | 1.339 | 0.819
  851 | Va. Wesleyan         |   3 | 0.522 | 0.660 | 1.263 | 0.755
  852 | Hamilton             |   3 | 0.520 | 0.630 | 1.211 | 0.767
  853 | Colby-Sawyer         |   3 | 0.520 | 0.758 | 1.456 | 0.745
  854 | Central (IA)         |   3 | 0.519 | 0.778 | 1.499 | 0.814
  855 | York (PA)            |   3 | 0.519 | 0.689 | 1.326 | 0.755
  856 | Bluffton             |   3 | 0.518 | 0.726 | 1.403 | 0.772
  857 | Husson               |   3 | 0.518 | 0.804 | 1.552 | 0.728
  858 | Susquehanna          |   3 | 0.518 | 0.728 | 1.405 | 0.759
  859 | Northland            |   3 | 0.517 | 0.642 | 1.243 | 0.726
  860 | Bethany (WV)         |   3 | 0.517 | 0.756 | 1.462 | 0.770
  861 | Hartwick             |   3 | 0.516 | 0.690 | 1.336 | 0.746
  862 | East Stroudsburg     |   2 | 0.516 | 0.699 | 1.353 | 0.844
  863 | Marietta             |   3 | 0.515 | 0.726 | 1.410 | 0.801
  864 | Oswego St.           |   3 | 0.514 | 0.683 | 1.329 | 0.760
  865 | Suffolk              |   3 | 0.513 | 0.743 | 1.448 | 0.722
  866 | Alderson-Broaddus    |   2 | 0.512 | 0.625 | 1.222 | 0.872
  867 | Augsburg             |   3 | 0.511 | 0.755 | 1.479 | 0.825
  868 | Beloit               |   3 | 0.511 | 0.711 | 1.390 | 0.770
  869 | Old Westbury         |   3 | 0.511 | 0.739 | 1.445 | 0.710
  870 | Gallaudet            |   3 | 0.510 | 0.701 | 1.374 | 0.691
  871 | Fitchburg St.        |   3 | 0.509 | 0.726 | 1.426 | 0.745
  872 | Pitt.-Bradford       |   3 | 0.508 | 0.695 | 1.367 | 0.721
  873 | Lakeland             |   3 | 0.507 | 0.676 | 1.333 | 0.755
  874 | Maine Maritime       |   3 | 0.507 | 0.666 | 1.313 | 0.688
  875 | Wellesley            |   3 | 0.507 | 0.642 | 1.267 | 0.741
  876 | Anderson (IN)        |   3 | 0.506 | 0.640 | 1.263 | 0.772
  877 | Augustana (IL)       |   3 | 0.506 | 0.713 | 1.408 | 0.811
  878 | Olivet               |   3 | 0.506 | 0.665 | 1.313 | 0.797
  879 | Lehman               |   3 | 0.504 | 0.749 | 1.487 | 0.729
  880 | P.R.-Mayaguez        |   2 | 0.503 | 0.688 | 1.369 | 0.920
  881 | Bluefield St.        |   2 | 0.503 | 0.721 | 1.432 | 0.871
  882 | Castleton            |   3 | 0.502 | 0.672 | 1.339 | 0.692
  883 | Westminster (PA)     |   3 | 0.502 | 0.668 | 1.331 | 0.781
  884 | Marian (WI)          |   3 | 0.502 | 0.696 | 1.385 | 0.740
  885 | Colorado Col.        |   3 | 0.501 | 0.733 | 1.463 | 0.780
  886 | Austin               |   3 | 0.500 | 0.686 | 1.373 | 0.774
  887 | Frostburg St.        |   3 | 0.500 | 0.707 | 1.414 | 0.749
  888 | Marymount (VA)       |   3 | 0.498 | 0.584 | 1.172 | 0.748
  889 | Western New Eng.     |   3 | 0.498 | 0.684 | 1.374 | 0.727
  890 | Heidelberg           |   3 | 0.498 | 0.691 | 1.389 | 0.823
  891 | Drew                 |   3 | 0.498 | 0.679 | 1.363 | 0.747
  892 | Alverno              |   3 | 0.496 | 0.683 | 1.376 | 0.742
  893 | Presentation         |   3 | 0.496 | 0.764 | 1.542 | 0.728
  894 | Willamette           |   3 | 0.495 | 0.721 | 1.457 | 0.824
  895 | Cheyney              |   2 | 0.495 | 0.678 | 1.371 | 0.840
  896 | Pacific (OR)         |   3 | 0.494 | 0.692 | 1.402 | 0.805
  897 | Nazareth             |   3 | 0.493 | 0.670 | 1.358 | 0.752
  898 | Polytechnic (NY)     |   3 | 0.493 | 0.660 | 1.339 | 0.687
  899 | Coker                |   2 | 0.492 | 0.656 | 1.335 | 0.841
  900 | SUNYIT               |   3 | 0.492 | 0.705 | 1.434 | 0.681
  901 | Knox                 |   3 | 0.491 | 0.687 | 1.400 | 0.768
  902 | Lycoming             |   3 | 0.490 | 0.705 | 1.439 | 0.776
  903 | Bethany Lutheran     |   3 | 0.490 | 0.755 | 1.541 | 0.731
  904 | Chatham              |   3 | 0.490 | 0.650 | 1.326 | 0.767
  905 | UC Santa Cruz        |   3 | 0.488 | 0.661 | 1.355 | 0.801
  906 | St. Marys (MD)       |   3 | 0.486 | 0.732 | 1.506 | 0.733
  907 | Albright             |   3 | 0.486 | 0.697 | 1.435 | 0.773
  908 | Curry                |   3 | 0.486 | 0.694 | 1.430 | 0.702
  909 | Oberlin              |   3 | 0.486 | 0.673 | 1.385 | 0.771
  910 | Mass.-Boston         |   3 | 0.485 | 0.609 | 1.257 | 0.758
  911 | Milwaukee Engr.      |   3 | 0.485 | 0.646 | 1.332 | 0.759
  912 | Rhodes               |   3 | 0.485 | 0.719 | 1.482 | 0.766
  913 | Concordia Chicago    |   3 | 0.484 | 0.666 | 1.378 | 0.743
  914 | Martin Luther        |   3 | 0.484 | 0.730 | 1.510 | 0.746
  915 | Nichols              |   3 | 0.484 | 0.706 | 1.459 | 0.722
  916 | Daniel Webster       |   3 | 0.483 | 0.689 | 1.424 | 0.636
  917 | Clarke               |   3 | 0.483 | 0.671 | 1.389 | 0.842
  918 | Lynchburg            |   3 | 0.482 | 0.643 | 1.334 | 0.754
  919 | Centenary (NJ)       |   3 | 0.481 | 0.805 | 1.672 | 0.705
  920 | Greenville           |   3 | 0.481 | 0.700 | 1.455 | 0.717
  921 | Mass.-Dartmouth      |   3 | 0.481 | 0.698 | 1.451 | 0.785
  922 | McDaniel             |   3 | 0.481 | 0.655 | 1.362 | 0.775
  923 | Mt. St. Joseph       |   3 | 0.479 | 0.699 | 1.461 | 0.774
  924 | Whittier             |   3 | 0.478 | 0.692 | 1.446 | 0.769
  925 | Meredith             |   3 | 0.477 | 0.712 | 1.491 | 0.761
  926 | Clark (MA)           |   3 | 0.476 | 0.716 | 1.503 | 0.762
  927 | Brooklyn             |   3 | 0.475 | 0.697 | 1.468 | 0.701
  928 | Carnegie Mellon      |   3 | 0.474 | 0.668 | 1.410 | 0.813
  929 | Wheaton (MA)         |   3 | 0.474 | 0.687 | 1.452 | 0.745
  930 | Trine                |   3 | 0.473 | 0.586 | 1.238 | 0.802
  931 | St. Scholastica      |   3 | 0.473 | 0.663 | 1.402 | 0.743
  932 | Fredonia St.         |   3 | 0.473 | 0.708 | 1.496 | 0.763
  933 | Oglethorpe           |   3 | 0.472 | 0.687 | 1.457 | 0.778
  934 | Cabrini              |   3 | 0.471 | 0.612 | 1.301 | 0.728
  935 | N.C. Wesleyan        |   3 | 0.469 | 0.732 | 1.563 | 0.770
  936 | Penn St.-Harrisburg  |   3 | 0.469 | 0.743 | 1.584 | 0.686
  937 | Connecticut Col.     |   3 | 0.469 | 0.628 | 1.337 | 0.774
  938 | Salisbury            |   3 | 0.469 | 0.721 | 1.538 | 0.747
  939 | Plattsburgh St.      |   3 | 0.468 | 0.662 | 1.414 | 0.763
  940 | Delaware Valley      |   3 | 0.467 | 0.713 | 1.527 | 0.762
  941 | Adrian               |   3 | 0.467 | 0.635 | 1.359 | 0.800
  942 | FDU-Florham          |   3 | 0.467 | 0.641 | 1.373 | 0.740
  943 | Blackburn            |   3 | 0.467 | 0.647 | 1.386 | 0.745
  944 | Rutgers-Camden       |   3 | 0.464 | 0.559 | 1.206 | 0.767
  945 | Clarkson             |   3 | 0.464 | 0.618 | 1.332 | 0.766
  946 | Framingham St.       |   3 | 0.464 | 0.629 | 1.356 | 0.723
  947 | Aurora               |   3 | 0.463 | 0.705 | 1.522 | 0.761
  948 | Thiel                |   3 | 0.462 | 0.702 | 1.519 | 0.774
  949 | Rust                 |   3 | 0.462 | 0.659 | 1.427 | 0.761
  950 | St. Andrews          |   2 | 0.462 | 0.737 | 1.594 | 0.833
  951 | Wilmington (DE)      |   2 | 0.459 | 0.659 | 1.437 | 0.845
  952 | Georgian Court       |   2 | 0.459 | 0.661 | 1.439 | 0.828
  953 | Pitt.-Greensburg     |   3 | 0.457 | 0.666 | 1.456 | 0.733
  954 | LeTourneau           |   3 | 0.457 | 0.647 | 1.416 | 0.787
  955 | Emerson              |   3 | 0.455 | 0.674 | 1.482 | 0.746
  956 | Baptist Bible (PA)   |   3 | 0.455 | 0.649 | 1.425 | 0.695
  957 | Brockport            |   3 | 0.454 | 0.635 | 1.398 | 0.761
  958 | Mt. Aloysius         |   3 | 0.454 | 0.711 | 1.567 | 0.720
  959 | Penn St.-Altoona     |   3 | 0.454 | 0.728 | 1.603 | 0.713
  960 | Salem St.            |   3 | 0.453 | 0.691 | 1.525 | 0.781
  961 | Rochester Inst.      |   3 | 0.452 | 0.696 | 1.540 | 0.769
  962 | Cobleskill St.       |   3 | 0.452 | 0.610 | 1.350 | 0.684
  963 | Geneva               |   3 | 0.452 | 0.645 | 1.428 | 0.775
  964 | Norwich              |   3 | 0.450 | 0.713 | 1.584 | 0.690
  965 | Schreiner            |   3 | 0.449 | 0.591 | 1.317 | 0.783
  966 | Alfred               |   3 | 0.449 | 0.649 | 1.446 | 0.749
  967 | Kalamazoo            |   3 | 0.448 | 0.655 | 1.463 | 0.800
  968 | Fisk                 |   3 | 0.448 | 0.770 | 1.717 | 0.761
  969 | Plymouth St.         |   3 | 0.447 | 0.733 | 1.642 | 0.757
  970 | Sage Colleges        |   3 | 0.443 | 0.623 | 1.407 | 0.707
  971 | Peace                |   3 | 0.441 | 0.610 | 1.383 | 0.758
  972 | Elmira               |   3 | 0.440 | 0.657 | 1.496 | 0.773
  973 | Wooster              |   3 | 0.440 | 0.633 | 1.441 | 0.786
  974 | La Sierra            |   3 | 0.440 | 0.698 | 1.587 | 0.763
  975 | Hollins              |   3 | 0.439 | 0.714 | 1.625 | 0.741
  976 | DYouville            |   3 | 0.438 | 0.616 | 1.406 | 0.723
  977 | Arcadia              |   3 | 0.438 | 0.600 | 1.369 | 0.759
  978 | Penn St.-Berks       |   3 | 0.437 | 0.683 | 1.564 | 0.683
  979 | Mt. St. Vincent      |   3 | 0.436 | 0.653 | 1.497 | 0.707
  980 | Agnes Scott          |   3 | 0.435 | 0.622 | 1.429 | 0.717
  981 | Chaminade            |   2 | 0.431 | 0.600 | 1.395 | 0.880
  982 | Hunter               |   3 | 0.428 | 0.609 | 1.423 | 0.731
  983 | SUNY Potsdam         |   3 | 0.428 | 0.567 | 1.325 | 0.773
  984 | MIT                  |   3 | 0.426 | 0.519 | 1.220 | 0.724
  985 | York (NY)            |   3 | 0.425 | 0.679 | 1.597 | 0.684
  986 | Mary Baldwin         |   3 | 0.425 | 0.609 | 1.434 | 0.778
  987 | Me.-Farmington       |   3 | 0.422 | 0.626 | 1.481 | 0.713
  988 | Stevenson            |   3 | 0.422 | 0.579 | 1.373 | 0.742
  989 | Merchant Marine      |   3 | 0.421 | 0.610 | 1.451 | 0.715
  990 | Wentworth Inst.      |   3 | 0.418 | 0.563 | 1.345 | 0.723
  991 | Mount Holyoke        |   3 | 0.418 | 0.528 | 1.265 | 0.751
  992 | North Central (MN)   |   3 | 0.417 | 0.630 | 1.512 | 0.717
  993 | Staten Island        |   3 | 0.416 | 0.636 | 1.527 | 0.702
  994 | Goucher              |   3 | 0.414 | 0.594 | 1.437 | 0.762
  995 | Finlandia            |   3 | 0.414 | 0.646 | 1.561 | 0.753
  996 | Wilkes               |   3 | 0.414 | 0.683 | 1.649 | 0.756
  997 | New Orleans          |   1 | 0.413 | 0.614 | 1.486 | 0.878
  998 | New England Col.     |   3 | 0.412 | 0.671 | 1.631 | 0.689
  999 | St. Elizabeth        |   3 | 0.406 | 0.656 | 1.618 | 0.691
 1000 | Stephens             |   3 | 0.405 | 0.608 | 1.503 | 0.717
 1001 | Mount Ida            |   3 | 0.405 | 0.625 | 1.546 | 0.694
 1002 | Earlham              |   3 | 0.403 | 0.640 | 1.589 | 0.770
 1003 | Eureka               |   3 | 0.402 | 0.677 | 1.683 | 0.725
 1004 | Simmons              |   3 | 0.399 | 0.599 | 1.501 | 0.685
 1005 | St. Josephs (L.I.)   |   3 | 0.399 | 0.651 | 1.633 | 0.682
 1006 | Rosemont             |   3 | 0.398 | 0.667 | 1.673 | 0.699
 1007 | Thomas (ME)          |   3 | 0.397 | 0.720 | 1.811 | 0.690
 1008 | John Jay             |   3 | 0.393 | 0.700 | 1.781 | 0.693
 1009 | Lesley               |   3 | 0.392 | 0.563 | 1.437 | 0.650
 1010 | Maranatha Baptist    |   3 | 0.392 | 0.591 | 1.508 | 0.753
 1011 | Keystone             |   3 | 0.391 | 0.552 | 1.414 | 0.716
 1012 | Sewanee              |   3 | 0.390 | 0.658 | 1.685 | 0.777
 1013 | Purchase St.         |   3 | 0.389 | 0.687 | 1.766 | 0.706
 1014 | Bennett              |   3 | 0.389 | 0.617 | 1.587 | 0.735
 1015 | St. Josephs (Brkln)  |   3 | 0.388 | 0.665 | 1.712 | 0.657
 1016 | Rivier               |   3 | 0.382 | 0.630 | 1.648 | 0.706
 1017 | Hood                 |   3 | 0.381 | 0.601 | 1.577 | 0.714
 1018 | Johnson & Wales (RI) |   3 | 0.379 | 0.588 | 1.551 | 0.714
 1019 | New Jersey City      |   3 | 0.379 | 0.568 | 1.496 | 0.744
 1020 | Lawrence             |   3 | 0.378 | 0.567 | 1.500 | 0.784
 1021 | Franciscan           |   3 | 0.378 | 0.578 | 1.528 | 0.724
 1022 | Emory & Henry        |   3 | 0.376 | 0.603 | 1.603 | 0.759
 1023 | Spelman              |   3 | 0.375 | 0.577 | 1.538 | 0.706
 1024 | Principia            |   3 | 0.373 | 0.591 | 1.587 | 0.720
 1025 | Eastern Nazarene     |   3 | 0.371 | 0.606 | 1.634 | 0.714
 1026 | Salem                |   3 | 0.369 | 0.650 | 1.760 | 0.708
 1027 | Lyndon St.           |   3 | 0.368 | 0.651 | 1.768 | 0.675
 1028 | Lancaster Bible      |   3 | 0.367 | 0.587 | 1.600 | 0.653
 1029 | Albertus Magnus      |   3 | 0.366 | 0.631 | 1.724 | 0.678
 1030 | Penn St.-Abington    |   3 | 0.364 | 0.562 | 1.542 | 0.679
 1031 | Cedar Crest          |   3 | 0.359 | 0.625 | 1.739 | 0.682
 1032 | Pomona-Pitzer        |   3 | 0.359 | 0.566 | 1.577 | 0.769
 1033 | Morrisville St.      |   3 | 0.358 | 0.569 | 1.589 | 0.686
 1034 | Sul Ross St.         |   3 | 0.358 | 0.584 | 1.634 | 0.794
 1035 | Coast Guard          |   3 | 0.358 | 0.515 | 1.436 | 0.731
 1036 | Huntingdon           |   3 | 0.357 | 0.565 | 1.580 | 0.719
 1037 | Me.-Presque Isle     |   3 | 0.355 | 0.546 | 1.539 | 0.781
 1038 | MacMurray            |   3 | 0.355 | 0.597 | 1.683 | 0.747
 1039 | Anna Maria           |   3 | 0.354 | 0.539 | 1.520 | 0.698
 1040 | Mitchell             |   3 | 0.347 | 0.540 | 1.554 | 0.628
 1041 | CCNY                 |   3 | 0.346 | 0.563 | 1.627 | 0.722
 1042 | Becker               |   3 | 0.343 | 0.578 | 1.686 | 0.639
 1043 | Washington Adventist |   2 | 0.342 | 0.548 | 1.603 | 0.832
 1044 | Cazenovia            |   3 | 0.339 | 0.556 | 1.638 | 0.691
 1045 | Caltech              |   3 | 0.336 | 0.514 | 1.530 | 0.775
 1046 | Elms                 |   3 | 0.334 | 0.586 | 1.754 | 0.644
 1047 | Trinity (DC)         |   3 | 0.333 | 0.538 | 1.617 | 0.648
 1048 | Pine Manor           |   3 | 0.322 | 0.587 | 1.822 | 0.672
 1049 | Newbury              |   3 | 0.321 | 0.565 | 1.761 | 0.642
 1050 | Salem Intl           |   2 | 0.320 | 0.517 | 1.617 | 0.839
 1051 | Gordon               |   3 | 0.319 | 0.457 | 1.434 | 0.713
 1052 | Lasell               |   3 | 0.316 | 0.501 | 1.583 | 0.719
 1053 | Wells                |   3 | 0.310 | 0.493 | 1.589 | 0.692
 1054 | Wilson               |   3 | 0.306 | 0.505 | 1.650 | 0.683
 1055 | Mt. Mary             |   3 | 0.303 | 0.596 | 1.964 | 0.671
 1056 | Southern Vt.         |   3 | 0.290 | 0.584 | 2.014 | 0.624
 1057 | Phila. Biblical      |   3 | 0.290 | 0.466 | 1.607 | 0.692
 1058 | Randolph             |   3 | 0.284 | 0.479 | 1.683 | 0.753
 1059 | Bard                 |   3 | 0.284 | 0.447 | 1.575 | 0.681
 1060 | Wesleyan (GA)        |   3 | 0.274 | 0.475 | 1.736 | 0.717
 1061 | Bryn Mawr            |   3 | 0.273 | 0.445 | 1.628 | 0.773
 1062 | Green Mountain       |   3 | 0.268 | 0.481 | 1.796 | 0.668
 1063 | Johnson St.          |   3 | 0.268 | 0.488 | 1.821 | 0.673
 1064 | Crown (MN)           |   3 | 0.267 | 0.480 | 1.799 | 0.754
 1065 | Medgar Evers         |   3 | 0.265 | 0.493 | 1.858 | 0.671
 1066 | Notre Dame (MD)      |   3 | 0.262 | 0.474 | 1.811 | 0.679
 1067 | Wheelock             |   3 | 0.259 | 0.423 | 1.637 | 0.636
 1068 | City Tech            |   3 | 0.257 | 0.424 | 1.651 | 0.675
 1069 | Hilbert              |   3 | 0.256 | 0.456 | 1.783 | 0.717
 1070 | Yeshiva              |   3 | 0.252 | 0.467 | 1.856 | 0.664
 1071 | Bay Path             |   3 | 0.208 | 0.390 | 1.879 | 0.630
 1072 | New Rochelle         |   3 | 0.143 | 0.282 | 1.964 | 0.611
 1073 | Lincoln Christian    |   3 | 0.137 | 0.279 | 2.030 | 0.640
(1073 rows)

COMMIT
