BEGIN
CREATE TABLE
INSERT 0 1070
  rk  |        school        | div |  str  |  ofs  |  dfs  |  sos  
------+----------------------+-----+-------+-------+-------+-------
    1 | Louisville           |   1 | 1.347 | 1.114 | 0.827 | 1.021
    2 | Michigan St.         |   1 | 1.342 | 1.144 | 0.853 | 1.027
    3 | West Virginia        |   1 | 1.330 | 1.156 | 0.869 | 1.036
    4 | Villanova            |   1 | 1.326 | 1.085 | 0.819 | 1.039
    5 | Purdue               |   1 | 1.317 | 1.134 | 0.861 | 1.027
    6 | Oklahoma             |   1 | 1.314 | 1.216 | 0.926 | 1.047
    7 | Virginia             |   1 | 1.298 | 1.073 | 0.827 | 1.046
    8 | Iowa                 |   1 | 1.296 | 1.184 | 0.914 | 1.048
    9 | Kansas               |   1 | 1.295 | 1.195 | 0.923 | 1.044
   10 | North Carolina       |   1 | 1.286 | 1.242 | 0.966 | 1.033
   11 | Texas A&M            |   1 | 1.286 | 1.113 | 0.865 | 1.039
   12 | SMU                  |   1 | 1.283 | 1.142 | 0.891 | 1.014
   13 | Miami (FL)           |   1 | 1.278 | 1.140 | 0.892 | 1.039
   14 | Xavier               |   1 | 1.272 | 1.180 | 0.927 | 1.035
   15 | Arizona              |   1 | 1.269 | 1.133 | 0.893 | 1.026
   16 | Duke                 |   1 | 1.267 | 1.211 | 0.956 | 1.038
   17 | St. Mary's (CA)      |   1 | 1.262 | 1.085 | 0.860 | 0.996
   18 | Maryland             |   1 | 1.259 | 1.126 | 0.894 | 1.032
   19 | Florida              |   1 | 1.251 | 1.083 | 0.866 | 1.047
   20 | Indiana              |   1 | 1.246 | 1.191 | 0.956 | 1.012
   21 | Vanderbilt           |   1 | 1.243 | 1.084 | 0.872 | 1.043
   22 | Kentucky             |   1 | 1.242 | 1.127 | 0.908 | 1.037
   23 | Michigan             |   1 | 1.242 | 1.099 | 0.886 | 1.016
   24 | Wichita St.          |   1 | 1.236 | 1.078 | 0.872 | 1.014
   25 | Iowa St.             |   1 | 1.232 | 1.215 | 0.986 | 1.044
   26 | UConn                |   1 | 1.228 | 1.056 | 0.860 | 1.019
   27 | Cincinnati           |   1 | 1.223 | 1.052 | 0.860 | 1.020
   28 | Baylor               |   1 | 1.223 | 1.125 | 0.920 | 1.027
   29 | Oregon               |   1 | 1.223 | 1.139 | 0.932 | 1.036
   30 | Gonzaga              |   1 | 1.216 | 1.105 | 0.909 | 1.009
   31 | Valparaiso           |   1 | 1.213 | 1.029 | 0.848 | 0.997
   32 | Southern California  |   1 | 1.209 | 1.169 | 0.967 | 1.030
   33 | Pittsburgh           |   1 | 1.208 | 1.093 | 0.905 | 1.014
   34 | Texas                |   1 | 1.206 | 1.055 | 0.875 | 1.054
   35 | Butler               |   1 | 1.197 | 1.140 | 0.952 | 1.024
   36 | Notre Dame           |   1 | 1.196 | 1.142 | 0.955 | 1.027
   37 | VCU                  |   1 | 1.195 | 1.108 | 0.928 | 1.014
   38 | Dayton               |   1 | 1.194 | 1.033 | 0.865 | 1.020
   39 | Syracuse             |   1 | 1.182 | 1.015 | 0.859 | 1.038
   40 | California           |   1 | 1.178 | 1.072 | 0.910 | 1.035
   41 | Stony Brook          |   1 | 1.173 | 1.036 | 0.884 | 0.966
   42 | Kansas St.           |   1 | 1.170 | 1.026 | 0.877 | 1.038
   43 | Seton Hall           |   1 | 1.169 | 1.083 | 0.926 | 1.025
   44 | Florida St.          |   1 | 1.166 | 1.140 | 0.978 | 1.037
   45 | Utah                 |   1 | 1.165 | 1.091 | 0.936 | 1.031
   46 | Clemson              |   1 | 1.164 | 0.996 | 0.856 | 1.030
   47 | Colorado             |   1 | 1.160 | 1.087 | 0.937 | 1.023
   48 | South Carolina       |   1 | 1.159 | 1.099 | 0.949 | 1.012
   49 | Arkansas             |   1 | 1.153 | 1.142 | 0.991 | 1.039
   50 | UCLA                 |   1 | 1.152 | 1.123 | 0.975 | 1.047
   51 | Saint Joseph's       |   1 | 1.151 | 1.087 | 0.944 | 1.016
   52 | Texas Tech           |   1 | 1.151 | 1.070 | 0.929 | 1.046
   53 | Little Rock          |   1 | 1.148 | 0.961 | 0.837 | 0.986
   54 | Providence           |   1 | 1.148 | 1.062 | 0.924 | 1.029
   55 | BYU                  |   1 | 1.148 | 1.163 | 1.014 | 1.010
   56 | Arizona St.          |   1 | 1.147 | 1.094 | 0.953 | 1.042
   57 | Georgia Tech         |   1 | 1.145 | 1.094 | 0.956 | 1.043
   58 | Creighton            |   1 | 1.141 | 1.144 | 1.003 | 1.020
   59 | Texas-Arlington      |   1 | 1.139 | 1.112 | 0.976 | 0.983
   60 | Wisconsin            |   1 | 1.137 | 0.995 | 0.876 | 1.039
   61 | Memphis              |   1 | 1.134 | 1.112 | 0.980 | 1.009
   62 | Akron                |   1 | 1.133 | 1.037 | 0.915 | 0.989
   63 | Evansville           |   1 | 1.133 | 1.083 | 0.956 | 0.996
   64 | San Diego St.        |   1 | 1.132 | 0.935 | 0.826 | 1.024
   65 | North Carolina St.   |   1 | 1.131 | 1.063 | 0.940 | 1.040
   66 | UNLV                 |   1 | 1.130 | 1.043 | 0.923 | 1.010
   67 | Tulsa                |   1 | 1.129 | 1.049 | 0.930 | 1.023
   68 | Ohio St.             |   1 | 1.129 | 1.019 | 0.902 | 1.026
   69 | Oklahoma St.         |   1 | 1.129 | 1.032 | 0.914 | 1.032
   70 | Georgetown           |   1 | 1.129 | 1.045 | 0.926 | 1.031
   71 | Washington           |   1 | 1.128 | 1.187 | 1.052 | 1.036
   72 | Yale                 |   1 | 1.125 | 1.010 | 0.898 | 0.978
   73 | Monmouth             |   1 | 1.123 | 1.109 | 0.987 | 1.000
   74 | George Washington    |   1 | 1.122 | 1.068 | 0.952 | 1.011
   75 | Princeton            |   1 | 1.120 | 1.070 | 0.955 | 1.000
   76 | LSU                  |   1 | 1.120 | 1.146 | 1.023 | 1.029
   77 | Nebraska             |   1 | 1.119 | 1.066 | 0.953 | 1.020
   78 | Rhode Island         |   1 | 1.119 | 1.009 | 0.902 | 1.016
   79 | Northwestern         |   1 | 1.115 | 1.004 | 0.901 | 1.017
   80 | New Mexico           |   1 | 1.114 | 1.099 | 0.987 | 1.012
   81 | Richmond             |   1 | 1.110 | 1.127 | 1.015 | 1.023
   82 | Boise St.            |   1 | 1.109 | 1.097 | 0.989 | 1.004
   83 | Houston              |   1 | 1.109 | 1.084 | 0.977 | 0.996
   84 | Oregon St.           |   1 | 1.107 | 1.040 | 0.939 | 1.043
   85 | Georgia              |   1 | 1.105 | 1.013 | 0.917 | 1.040
   86 | Hawaii               |   1 | 1.101 | 1.067 | 0.969 | 0.983
   87 | South Dakota St.     |   1 | 1.100 | 1.070 | 0.973 | 0.992
   88 | Stanford             |   1 | 1.097 | 1.019 | 0.929 | 1.055
   89 | Tennessee            |   1 | 1.095 | 1.120 | 1.022 | 1.036
   90 | Chattanooga          |   1 | 1.093 | 1.024 | 0.936 | 0.992
   91 | James Madison        |   1 | 1.093 | 1.023 | 0.936 | 0.998
   92 | Virginia Tech        |   1 | 1.093 | 1.077 | 0.986 | 1.020
   93 | Mississippi St.      |   1 | 1.090 | 1.094 | 1.003 | 1.024
   94 | Long Beach St.       |   1 | 1.090 | 1.083 | 0.993 | 1.031
   95 | UC Irvine            |   1 | 1.089 | 0.974 | 0.894 | 1.009
   96 | William & Mary       |   1 | 1.085 | 1.071 | 0.987 | 1.004
   97 | La.-Lafayette        |   1 | 1.084 | 1.129 | 1.042 | 0.999
   98 | Stephen F. Austin    |   1 | 1.084 | 1.041 | 0.960 | 0.977
   99 | St. Bonaventure      |   1 | 1.084 | 1.082 | 0.998 | 1.006
  100 | Oakland              |   1 | 1.079 | 1.185 | 1.098 | 0.993
  101 | Temple               |   1 | 1.078 | 0.994 | 0.922 | 1.026
  102 | Alabama              |   1 | 1.078 | 0.957 | 0.888 | 1.040
  103 | Hofstra              |   1 | 1.076 | 1.094 | 1.017 | 0.997
  104 | Old Dominion         |   1 | 1.075 | 0.944 | 0.878 | 0.998
  105 | UNCW                 |   1 | 1.075 | 1.105 | 1.028 | 0.984
  106 | UNI                  |   1 | 1.075 | 0.979 | 0.911 | 1.008
  107 | Marquette            |   1 | 1.074 | 1.043 | 0.972 | 1.011
  108 | Ole Miss             |   1 | 1.071 | 1.060 | 0.990 | 1.014
  109 | Belmont              |   1 | 1.070 | 1.148 | 1.072 | 0.992
  110 | UC Santa Barbara     |   1 | 1.065 | 0.993 | 0.932 | 1.024
  111 | Grand Canyon         |   1 | 1.063 | 1.058 | 0.996 | 0.972
  112 | Weber St.            |   1 | 1.058 | 1.011 | 0.956 | 0.979
  113 | Wake Forest          |   1 | 1.058 | 1.082 | 1.022 | 1.057
  114 | Southern Ill.        |   1 | 1.057 | 1.055 | 0.998 | 0.982
  115 | Siena                |   1 | 1.057 | 1.054 | 0.997 | 0.989
  116 | Fresno St.           |   1 | 1.057 | 1.028 | 0.972 | 1.008
  117 | UAB                  |   1 | 1.056 | 1.027 | 0.973 | 0.981
  118 | Pepperdine           |   1 | 1.056 | 1.019 | 0.964 | 1.009
  119 | New Mexico St.       |   1 | 1.053 | 0.973 | 0.924 | 0.986
  120 | Albany (NY)          |   1 | 1.053 | 0.999 | 0.949 | 0.967
  121 | Nevada               |   1 | 1.049 | 1.049 | 1.000 | 1.003
  122 | Col. of Charleston   |   1 | 1.048 | 0.924 | 0.881 | 0.997
  123 | Milwaukee            |   1 | 1.047 | 1.040 | 0.993 | 0.995
  124 | CSU Bakersfield      |   1 | 1.045 | 0.977 | 0.935 | 0.977
  125 | Columbia             |   1 | 1.045 | 1.018 | 0.974 | 0.982
  126 | North Florida        |   1 | 1.044 | 1.140 | 1.092 | 0.987
  127 | Omaha                |   1 | 1.043 | 1.146 | 1.099 | 0.987
  128 | Indiana St.          |   1 | 1.043 | 1.012 | 0.970 | 1.007
  129 | TCU                  |   1 | 1.040 | 0.985 | 0.947 | 1.022
  130 | Davidson             |   1 | 1.040 | 1.134 | 1.090 | 1.015
  131 | Illinois             |   1 | 1.036 | 1.048 | 1.012 | 1.037
  132 | Louisiana Tech       |   1 | 1.036 | 1.063 | 1.025 | 0.973
  133 | North Dakota St.     |   1 | 1.036 | 0.976 | 0.941 | 0.979
  134 | Northeastern         |   1 | 1.035 | 1.007 | 0.973 | 1.004
  135 | Kent St.             |   1 | 1.033 | 1.033 | 1.001 | 0.987
  136 | Iona                 |   1 | 1.032 | 1.108 | 1.074 | 0.998
  137 | Green Bay            |   1 | 1.031 | 1.173 | 1.138 | 0.983
  138 | Duquesne             |   1 | 1.031 | 1.088 | 1.055 | 0.994
  139 | Mercer               |   1 | 1.029 | 0.937 | 0.910 | 0.983
  140 | Penn St.             |   1 | 1.027 | 0.970 | 0.945 | 1.032
  141 | Middle Tenn.         |   1 | 1.026 | 0.977 | 0.953 | 0.990
  142 | Ohio                 |   1 | 1.025 | 1.071 | 1.044 | 0.996
  143 | UNC Asheville        |   1 | 1.024 | 1.024 | 1.000 | 0.982
  144 | Toledo               |   1 | 1.024 | 1.063 | 1.039 | 0.987
  145 | Morehead St.         |   1 | 1.022 | 0.955 | 0.935 | 0.987
  146 | High Point           |   1 | 1.022 | 1.022 | 0.999 | 0.963
  147 | Georgia St.          |   1 | 1.021 | 0.923 | 0.904 | 0.996
  148 | Central Mich.        |   1 | 1.021 | 1.045 | 1.024 | 0.998
  149 | Northern Ill.        |   1 | 1.020 | 0.971 | 0.952 | 0.977
  150 | IPFW                 |   1 | 1.020 | 1.056 | 1.036 | 0.988
  151 | Marshall             |   1 | 1.019 | 1.156 | 1.135 | 1.008
  152 | Buffalo              |   1 | 1.019 | 1.040 | 1.021 | 1.004
  153 | Eastern Mich.        |   1 | 1.019 | 1.058 | 1.038 | 1.019
  154 | Washington St.       |   1 | 1.019 | 1.043 | 1.023 | 1.025
  155 | Fordham              |   1 | 1.016 | 0.975 | 0.959 | 0.984
  156 | Harvard              |   1 | 1.015 | 0.932 | 0.918 | 0.997
  157 | Augustana (SD)       |   2 | 1.015 | 1.117 | 1.100 | 0.898
  158 | Auburn               |   1 | 1.015 | 1.072 | 1.056 | 1.036
  159 | Bucknell             |   1 | 1.014 | 1.083 | 1.068 | 0.976
  160 | Tennessee Tech       |   1 | 1.013 | 1.084 | 1.070 | 0.982
  161 | Utah St.             |   1 | 1.012 | 1.014 | 1.002 | 1.007
  162 | Minnesota            |   1 | 1.011 | 1.002 | 0.992 | 1.038
  163 | Towson               |   1 | 1.011 | 0.968 | 0.958 | 0.973
  164 | Missouri             |   1 | 1.011 | 0.958 | 0.948 | 1.027
  165 | Colorado St.         |   1 | 1.009 | 1.082 | 1.072 | 0.995
  166 | DePaul               |   1 | 1.005 | 0.985 | 0.979 | 1.034
  167 | Tennessee St.        |   1 | 1.005 | 0.977 | 0.971 | 0.967
  168 | A&M-Corpus Christi   |   1 | 1.003 | 0.995 | 0.992 | 0.976
  169 | Cal Poly             |   1 | 1.003 | 1.046 | 1.043 | 1.012
  170 | La.-Monroe           |   1 | 1.002 | 0.951 | 0.949 | 0.998
  171 | Ball St.             |   1 | 1.002 | 0.942 | 0.939 | 0.986
  172 | UCF                  |   1 | 1.000 | 1.001 | 1.001 | 0.999
  173 | Wright St.           |   1 | 0.999 | 0.916 | 0.917 | 0.985
  174 | Wyoming              |   1 | 0.999 | 0.959 | 0.959 | 1.007
  175 | Illinois St.         |   1 | 0.997 | 0.963 | 0.966 | 1.007
  176 | Montana              |   1 | 0.995 | 0.934 | 0.939 | 0.992
  177 | East Carolina        |   1 | 0.993 | 0.989 | 0.996 | 1.010
  178 | ETSU                 |   1 | 0.991 | 1.035 | 1.045 | 0.998
  179 | Vermont              |   1 | 0.991 | 0.999 | 1.009 | 0.994
  180 | Elon                 |   1 | 0.991 | 1.076 | 1.085 | 1.001
  181 | Western Mich.        |   1 | 0.989 | 1.027 | 1.038 | 1.010
  182 | Oral Roberts         |   1 | 0.989 | 1.055 | 1.066 | 1.014
  183 | Coastal Caro.        |   1 | 0.988 | 0.974 | 0.986 | 0.971
  184 | UC San Diego         |   2 | 0.987 | 0.924 | 0.936 | 0.918
  185 | Texas Southern       |   1 | 0.986 | 0.992 | 1.005 | 0.982
  186 | Furman               |   1 | 0.985 | 0.943 | 0.958 | 0.983
  187 | Murray St.           |   1 | 0.985 | 0.939 | 0.953 | 1.002
  188 | Western Ky.          |   1 | 0.984 | 1.015 | 1.032 | 1.007
  189 | Winthrop             |   1 | 0.982 | 1.088 | 1.108 | 0.965
  190 | FGCU                 |   1 | 0.982 | 0.981 | 0.999 | 0.991
  191 | Tulane               |   1 | 0.979 | 0.924 | 0.944 | 1.016
  192 | Massachusetts        |   1 | 0.977 | 1.058 | 1.083 | 1.006
  193 | Rider                |   1 | 0.977 | 0.919 | 0.941 | 0.986
  194 | Lincoln Memorial     |   2 | 0.972 | 1.097 | 1.128 | 0.906
  195 | Navy                 |   1 | 0.972 | 0.897 | 0.923 | 0.964
  196 | Bellarmine           |   2 | 0.972 | 0.981 | 1.009 | 0.914
  197 | Fairfield            |   1 | 0.971 | 1.084 | 1.116 | 0.995
  198 | Bowling Green        |   1 | 0.971 | 0.976 | 1.004 | 0.976
  199 | West Liberty         |   2 | 0.971 | 1.158 | 1.193 | 0.895
  200 | FIU                  |   1 | 0.970 | 0.960 | 0.990 | 0.975
  201 | Portland             |   1 | 0.968 | 1.068 | 1.103 | 0.997
  202 | NJIT                 |   1 | 0.968 | 1.021 | 1.055 | 0.986
  203 | Detroit              |   1 | 0.967 | 1.130 | 1.169 | 1.003
  204 | Army West Point      |   1 | 0.967 | 1.057 | 1.094 | 0.959
  205 | Eastern Wash.        |   1 | 0.966 | 1.064 | 1.102 | 0.971
  206 | Canisius             |   1 | 0.964 | 1.070 | 1.109 | 0.986
  207 | Pacific              |   1 | 0.964 | 0.969 | 1.005 | 1.008
  208 | George Mason         |   1 | 0.964 | 0.945 | 0.980 | 1.015
  209 | Radford              |   1 | 0.963 | 0.985 | 1.023 | 0.987
  210 | Wofford              |   1 | 0.962 | 0.972 | 1.010 | 0.999
  211 | Sam Houston St.      |   1 | 0.960 | 0.968 | 1.008 | 0.964
  212 | San Francisco        |   1 | 0.958 | 1.021 | 1.065 | 0.993
  213 | Southern U.          |   1 | 0.957 | 0.961 | 1.004 | 0.968
  214 | Cal St. Fullerton    |   1 | 0.956 | 1.001 | 1.047 | 0.981
  215 | Samford              |   1 | 0.955 | 0.979 | 1.025 | 0.976
  216 | Fairmont St.         |   2 | 0.955 | 1.086 | 1.137 | 0.906
  217 | UC Riverside         |   1 | 0.955 | 0.957 | 1.002 | 0.979
  218 | South Dakota         |   1 | 0.954 | 1.040 | 1.090 | 0.996
  219 | Jackson St.          |   1 | 0.953 | 0.929 | 0.975 | 0.969
  220 | Denver               |   1 | 0.953 | 0.877 | 0.920 | 0.987
  221 | Incarnate Word       |   1 | 0.953 | 0.947 | 0.993 | 0.970
  222 | Arkansas St.         |   1 | 0.953 | 1.039 | 1.090 | 0.992
  223 | Loyola Chicago       |   1 | 0.951 | 0.876 | 0.921 | 0.989
  224 | Loyola Marymount     |   1 | 0.951 | 0.976 | 1.026 | 1.002
  225 | Missouri St.         |   1 | 0.951 | 0.953 | 1.002 | 1.013
  226 | Bentley              |   2 | 0.951 | 1.014 | 1.067 | 0.912
  227 | Seattle Pacific      |   2 | 0.950 | 0.920 | 0.968 | 0.910
  228 | Wagner               |   1 | 0.949 | 0.911 | 0.961 | 0.948
  229 | St. Anselm           |   2 | 0.949 | 1.064 | 1.122 | 0.915
  230 | Midwestern St.       |   2 | 0.949 | 1.008 | 1.062 | 0.917
  231 | Saint Peter's        |   1 | 0.948 | 0.900 | 0.949 | 0.985
  232 | North Dakota         |   1 | 0.948 | 0.968 | 1.020 | 0.974
  233 | Dartmouth            |   1 | 0.948 | 0.937 | 0.988 | 0.968
  234 | UC Davis             |   1 | 0.947 | 0.894 | 0.944 | 0.985
  235 | Texas St.            |   1 | 0.945 | 0.878 | 0.930 | 0.960
  236 | Charlotte            |   1 | 0.945 | 1.040 | 1.100 | 1.009
  237 | UTEP                 |   1 | 0.944 | 0.982 | 1.040 | 0.977
  238 | Idaho                |   1 | 0.944 | 0.905 | 0.958 | 0.978
  239 | IUPUI                |   1 | 0.944 | 0.968 | 1.025 | 1.002
  240 | St. John's (NY)      |   1 | 0.942 | 0.950 | 1.009 | 1.026
  241 | Sacramento St.       |   1 | 0.941 | 0.992 | 1.054 | 0.983
  242 | Boston College       |   1 | 0.940 | 0.896 | 0.953 | 1.024
  243 | East Stroudsburg     |   2 | 0.939 | 1.079 | 1.149 | 0.893
  244 | Eastern Ky.          |   1 | 0.938 | 1.087 | 1.158 | 0.972
  245 | Mercyhurst           |   2 | 0.938 | 0.848 | 0.904 | 0.892
  246 | South Fla.           |   1 | 0.938 | 0.913 | 0.973 | 1.021
  247 | Cornell              |   1 | 0.938 | 1.006 | 1.072 | 0.987
  248 | Houston Baptist      |   1 | 0.937 | 0.994 | 1.061 | 0.980
  249 | Boston U.            |   1 | 0.937 | 0.989 | 1.056 | 0.964
  250 | Santa Clara          |   1 | 0.937 | 0.921 | 0.983 | 1.009
  251 | Western Caro.        |   1 | 0.936 | 0.970 | 1.037 | 1.003
  252 | Lehigh               |   1 | 0.935 | 0.983 | 1.052 | 0.998
  253 | Norfolk St.          |   1 | 0.935 | 1.011 | 1.081 | 0.981
  254 | Western Ill.         |   1 | 0.933 | 0.955 | 1.024 | 0.995
  255 | California Baptist   |   2 | 0.933 | 1.045 | 1.119 | 0.913
  256 | Drake                |   1 | 0.933 | 0.976 | 1.046 | 0.998
  257 | Gardner-Webb         |   1 | 0.932 | 0.951 | 1.021 | 0.992
  258 | Northern Ky.         |   1 | 0.932 | 0.958 | 1.028 | 0.997
  259 | South Ala.           |   1 | 0.932 | 0.955 | 1.025 | 0.991
  260 | Lipscomb             |   1 | 0.932 | 1.055 | 1.132 | 0.989
  261 | Miami (OH)           |   1 | 0.931 | 0.893 | 0.960 | 0.998
  262 | Portland St.         |   1 | 0.931 | 0.991 | 1.065 | 0.979
  263 | Appalachian St.      |   1 | 0.926 | 0.992 | 1.071 | 1.005
  264 | Chico St.            |   2 | 0.926 | 0.958 | 1.035 | 0.910
  265 | Ga. Southern         |   1 | 0.925 | 0.995 | 1.075 | 0.992
  266 | Saint Louis          |   1 | 0.925 | 0.928 | 1.003 | 1.017
  267 | Ferris St.           |   2 | 0.925 | 0.999 | 1.080 | 0.911
  268 | UMKC                 |   1 | 0.925 | 0.950 | 1.027 | 0.991
  269 | Cal Poly Pomona      |   2 | 0.925 | 0.886 | 0.958 | 0.909
  270 | Drexel               |   1 | 0.925 | 0.902 | 0.976 | 1.013
  271 | Western Ore.         |   2 | 0.924 | 0.950 | 1.028 | 0.902
  272 | Austin Peay          |   1 | 0.924 | 0.971 | 1.050 | 0.977
  273 | UT Martin            |   1 | 0.923 | 0.936 | 1.013 | 0.982
  274 | Jacksonville         |   1 | 0.922 | 0.989 | 1.072 | 0.976
  275 | Hampton              |   1 | 0.921 | 0.978 | 1.062 | 0.966
  276 | Mt. St. Mary's       |   1 | 0.921 | 0.931 | 1.012 | 0.971
  277 | Ky. Wesleyan         |   2 | 0.921 | 0.987 | 1.072 | 0.880
  278 | Montana St.          |   1 | 0.918 | 1.022 | 1.114 | 0.979
  279 | UNCG                 |   1 | 0.918 | 0.974 | 1.061 | 0.983
  280 | Troy                 |   1 | 0.917 | 0.998 | 1.089 | 0.989
  281 | Northwest Mo. St.    |   2 | 0.916 | 0.914 | 0.998 | 0.911
  282 | Eastern Ill.         |   1 | 0.916 | 0.933 | 1.019 | 0.994
  283 | Holy Family          |   2 | 0.915 | 0.929 | 1.016 | 0.899
  284 | Minn. St. Moorhead   |   2 | 0.914 | 1.027 | 1.123 | 0.908
  285 | Delaware             |   1 | 0.914 | 0.972 | 1.063 | 1.003
  286 | Wheeling Jesuit      |   2 | 0.914 | 1.027 | 1.124 | 0.898
  287 | Lake Superior St.    |   2 | 0.913 | 0.978 | 1.071 | 0.919
  288 | CSUN                 |   1 | 0.912 | 0.976 | 1.071 | 0.997
  289 | Manhattan            |   1 | 0.911 | 0.927 | 1.018 | 0.995
  290 | Brown                |   1 | 0.910 | 1.005 | 1.104 | 0.975
  291 | Colgate              |   1 | 0.910 | 0.929 | 1.020 | 0.964
  292 | San Jose St.         |   1 | 0.910 | 0.975 | 1.072 | 0.992
  293 | Stonehill            |   2 | 0.910 | 0.962 | 1.058 | 0.912
  294 | Cleveland St.        |   1 | 0.908 | 0.867 | 0.955 | 0.999
  295 | Loyola Maryland      |   1 | 0.908 | 0.941 | 1.036 | 0.987
  296 | South Carolina St.   |   1 | 0.908 | 0.976 | 1.075 | 0.970
  297 | Rice                 |   1 | 0.906 | 1.029 | 1.136 | 0.989
  298 | Eckerd               |   2 | 0.904 | 0.932 | 1.032 | 0.896
  299 | Penn                 |   1 | 0.904 | 0.937 | 1.037 | 0.975
  300 | Augustana (IL)       |   3 | 0.902 | 0.921 | 1.021 | 0.853
  301 | Rutgers              |   1 | 0.902 | 0.957 | 1.060 | 1.030
  302 | Southern N.H.        |   2 | 0.899 | 0.955 | 1.062 | 0.912
  303 | Air Force            |   1 | 0.898 | 0.913 | 1.016 | 0.990
  304 | Ashland              |   2 | 0.897 | 0.910 | 1.014 | 0.916
  305 | New Orleans          |   1 | 0.897 | 0.965 | 1.076 | 0.984
  306 | Utah Valley          |   1 | 0.896 | 0.999 | 1.115 | 0.992
  307 | Idaho St.            |   1 | 0.896 | 0.977 | 1.090 | 0.974
  308 | New Hampshire        |   1 | 0.895 | 0.953 | 1.065 | 0.958
  309 | Fla. Atlantic        |   1 | 0.894 | 0.887 | 0.991 | 1.000
  310 | Fairleigh Dickinson  |   1 | 0.894 | 1.025 | 1.147 | 0.958
  311 | La Salle             |   1 | 0.894 | 0.900 | 1.006 | 1.014
  312 | Seattle              |   1 | 0.894 | 0.885 | 0.990 | 0.980
  313 | Alabama A&M          |   1 | 0.893 | 0.950 | 1.063 | 0.952
  314 | King (TN)            |   2 | 0.891 | 0.991 | 1.112 | 0.889
  315 | Southern Conn. St.   |   2 | 0.890 | 1.134 | 1.274 | 0.912
  316 | Kennesaw St.         |   1 | 0.890 | 0.958 | 1.076 | 1.010
  317 | San Diego            |   1 | 0.889 | 0.882 | 0.993 | 1.002
  318 | Tarleton St.         |   2 | 0.889 | 0.891 | 1.003 | 0.915
  319 | Youngstown St.       |   1 | 0.888 | 1.007 | 1.134 | 0.983
  320 | Charleston So.       |   1 | 0.888 | 0.986 | 1.110 | 0.999
  321 | Rogers St.           |   2 | 0.888 | 0.947 | 1.066 | 0.907
  322 | Dallas Baptist       |   2 | 0.888 | 1.016 | 1.144 | 0.909
  323 | Saginaw Valley       |   2 | 0.888 | 1.005 | 1.131 | 0.917
  324 | Indiana (PA)         |   2 | 0.886 | 0.957 | 1.081 | 0.897
  325 | Jacksonville St.     |   1 | 0.885 | 0.915 | 1.034 | 0.975
  326 | Delta St.            |   2 | 0.885 | 0.878 | 0.992 | 0.918
  327 | Marist               |   1 | 0.885 | 0.970 | 1.097 | 0.987
  328 | Howard               |   1 | 0.883 | 0.963 | 1.091 | 0.964
  329 | Southern Miss.       |   1 | 0.882 | 0.846 | 0.959 | 0.985
  330 | Merrimack            |   2 | 0.880 | 1.036 | 1.178 | 0.917
  331 | Harding              |   2 | 0.879 | 0.958 | 1.089 | 0.895
  332 | Saint Francis (PA)   |   1 | 0.877 | 0.938 | 1.070 | 0.957
  333 | Quinnipiac           |   1 | 0.876 | 0.886 | 1.011 | 0.982
  334 | North Texas          |   1 | 0.876 | 0.984 | 1.124 | 0.986
  335 | SIUE                 |   1 | 0.876 | 0.893 | 1.019 | 0.998
  336 | St. Francis Brooklyn |   1 | 0.874 | 0.849 | 0.972 | 0.955
  337 | LIU Brooklyn         |   1 | 0.874 | 0.976 | 1.117 | 0.952
  338 | Niagara              |   1 | 0.874 | 0.872 | 0.998 | 0.983
  339 | Longwood             |   1 | 0.873 | 0.943 | 1.081 | 0.961
  340 | Holy Cross           |   1 | 0.873 | 0.892 | 1.023 | 0.975
  341 | Wis.-Parkside        |   2 | 0.873 | 0.968 | 1.110 | 0.908
  342 | Northern Colo.       |   1 | 0.873 | 1.011 | 1.158 | 0.983
  343 | Barry                |   2 | 0.873 | 1.053 | 1.206 | 0.897
  344 | Concordia (CA)       |   2 | 0.872 | 0.962 | 1.103 | 0.890
  345 | The Citadel          |   1 | 0.872 | 1.162 | 1.332 | 0.975
  346 | Union (TN)           |   2 | 0.871 | 0.922 | 1.058 | 0.914
  347 | Virginia St.         |   2 | 0.871 | 0.954 | 1.096 | 0.898
  348 | Lubbock Christian    |   2 | 0.869 | 0.879 | 1.011 | 0.910
  349 | Queens (NC)          |   2 | 0.869 | 1.006 | 1.157 | 0.898
  350 | Stetson              |   1 | 0.869 | 1.005 | 1.157 | 0.973
  351 | Cal St. San Marcos   |   2 | 0.867 | 0.964 | 1.112 | 0.925
  352 | Liberty              |   1 | 0.866 | 0.840 | 0.970 | 0.969
  353 | Philadelphia U.      |   2 | 0.866 | 0.877 | 1.012 | 0.902
  354 | Tex. A&M Int'l       |   2 | 0.865 | 0.862 | 0.996 | 0.902
  355 | Azusa Pacific        |   2 | 0.864 | 0.958 | 1.108 | 0.911
  356 | Findlay              |   2 | 0.864 | 0.921 | 1.066 | 0.920
  357 | Lenoir-Rhyne         |   2 | 0.862 | 1.076 | 1.248 | 0.905
  358 | Charleston (WV)      |   2 | 0.862 | 0.851 | 0.987 | 0.911
  359 | Lindenwood (MO)      |   2 | 0.861 | 0.849 | 0.986 | 0.902
  360 | UMBC                 |   1 | 0.861 | 0.973 | 1.130 | 0.971
  361 | Bethune-Cookman      |   1 | 0.861 | 0.913 | 1.061 | 0.976
  362 | Emmanuel (GA)        |   2 | 0.861 | 0.908 | 1.054 | 0.891
  363 | Ark.-Fort Smith      |   2 | 0.860 | 0.984 | 1.144 | 0.907
  364 | Kutztown             |   2 | 0.860 | 0.999 | 1.162 | 0.887
  365 | Colorado Mines       |   2 | 0.860 | 0.927 | 1.079 | 0.897
  366 | West Ga.             |   2 | 0.860 | 1.059 | 1.231 | 0.916
  367 | Angelo St.           |   2 | 0.860 | 1.026 | 1.193 | 0.901
  368 | Columbus St.         |   2 | 0.859 | 1.026 | 1.193 | 0.892
  369 | Grand Valley St.     |   2 | 0.859 | 0.889 | 1.035 | 0.899
  370 | Ala.-Huntsville      |   2 | 0.858 | 0.998 | 1.163 | 0.912
  371 | Campbell             |   1 | 0.858 | 0.937 | 1.092 | 0.967
  372 | Dixie St.            |   2 | 0.858 | 0.928 | 1.082 | 0.913
  373 | Robert Morris        |   1 | 0.858 | 0.877 | 1.022 | 0.972
  374 | Southeastern La.     |   1 | 0.857 | 0.946 | 1.103 | 0.992
  375 | N.C. Central         |   1 | 0.857 | 0.893 | 1.042 | 0.969
  376 | Concord              |   2 | 0.857 | 1.038 | 1.211 | 0.906
  377 | West Tex. A&M        |   2 | 0.856 | 0.982 | 1.147 | 0.909
  378 | McNeese St.          |   1 | 0.854 | 0.923 | 1.081 | 0.997
  379 | Fort Lewis           |   2 | 0.854 | 0.956 | 1.119 | 0.894
  380 | Southern Ind.        |   2 | 0.854 | 1.006 | 1.178 | 0.904
  381 | USC Upstate          |   1 | 0.854 | 0.940 | 1.101 | 0.977
  382 | Notre Dame (OH)      |   2 | 0.854 | 1.039 | 1.217 | 0.911
  383 | Lamar                |   1 | 0.853 | 0.983 | 1.152 | 0.947
  384 | Alas. Anchorage      |   2 | 0.852 | 0.973 | 1.141 | 0.917
  385 | Stillman             |   2 | 0.851 | 0.985 | 1.158 | 0.895
  386 | Wingate              |   2 | 0.851 | 0.900 | 1.058 | 0.903
  387 | Mo. Southern St.     |   2 | 0.850 | 1.023 | 1.203 | 0.909
  388 | Sacred Heart         |   1 | 0.850 | 0.977 | 1.150 | 0.965
  389 | Humboldt St.         |   2 | 0.850 | 1.013 | 1.192 | 0.917
  390 | UIndy                |   2 | 0.849 | 0.990 | 1.166 | 0.910
  391 | Coppin St.           |   1 | 0.849 | 0.953 | 1.123 | 0.989
  392 | VMI                  |   1 | 0.849 | 0.890 | 1.048 | 0.977
  393 | West Chester         |   2 | 0.848 | 0.945 | 1.115 | 0.889
  394 | Central Ark.         |   1 | 0.848 | 0.992 | 1.170 | 0.993
  395 | Western Wash.        |   2 | 0.848 | 0.991 | 1.170 | 0.899
  396 | UMass Lowell         |   1 | 0.847 | 0.987 | 1.165 | 0.966
  397 | West Ala.            |   2 | 0.846 | 0.863 | 1.020 | 0.918
  398 | Cameron              |   2 | 0.846 | 0.949 | 1.122 | 0.917
  399 | St. Thomas Aquinas   |   2 | 0.846 | 0.939 | 1.110 | 0.885
  400 | Hillsdale            |   2 | 0.846 | 0.969 | 1.146 | 0.914
  401 | Alabama St.          |   1 | 0.846 | 0.939 | 1.110 | 0.961
  402 | Alderson Broaddus    |   2 | 0.845 | 0.923 | 1.091 | 0.891
  403 | Elmhurst             |   3 | 0.845 | 0.931 | 1.101 | 0.848
  404 | Quincy               |   2 | 0.844 | 1.037 | 1.229 | 0.909
  405 | BYU-Hawaii           |   2 | 0.844 | 1.032 | 1.223 | 0.914
  406 | Johnson & Wales (RI) |   3 | 0.843 | 0.985 | 1.168 | 0.796
  407 | Abilene Christian    |   1 | 0.842 | 0.887 | 1.053 | 0.953
  408 | Lafayette            |   1 | 0.842 | 0.977 | 1.161 | 0.976
  409 | Cal St. Monterey Bay |   2 | 0.842 | 0.982 | 1.166 | 0.912
  410 | Tex. A&M-Commerce    |   2 | 0.841 | 0.974 | 1.158 | 0.915
  411 | Maine                |   1 | 0.841 | 1.036 | 1.233 | 0.970
  412 | Colorado Mesa        |   2 | 0.840 | 0.967 | 1.152 | 0.894
  413 | Morgan St.           |   1 | 0.839 | 0.904 | 1.078 | 0.975
  414 | UMES                 |   1 | 0.838 | 0.905 | 1.079 | 0.990
  415 | St. Thomas (MN)      |   3 | 0.838 | 0.905 | 1.080 | 0.843
  416 | Northwestern St.     |   1 | 0.837 | 1.002 | 1.197 | 0.975
  417 | Chris. Newport       |   3 | 0.837 | 0.874 | 1.045 | 0.837
  418 | Saint Rose           |   2 | 0.837 | 0.916 | 1.095 | 0.927
  419 | Minn. St. Mankato    |   2 | 0.837 | 0.953 | 1.138 | 0.909
  420 | Sonoma St.           |   2 | 0.836 | 0.821 | 0.983 | 0.905
  421 | Presbyterian         |   1 | 0.836 | 0.877 | 1.048 | 0.973
  422 | Central Mo.          |   2 | 0.833 | 0.857 | 1.030 | 0.903
  423 | Hawaii Pacific       |   2 | 0.832 | 0.914 | 1.098 | 0.904
  424 | Neb.-Kearney         |   2 | 0.832 | 0.974 | 1.170 | 0.901
  425 | Alas. Fairbanks      |   2 | 0.832 | 0.962 | 1.156 | 0.908
  426 | North Central (IL)   |   3 | 0.831 | 0.904 | 1.089 | 0.865
  427 | Lander               |   2 | 0.831 | 0.885 | 1.065 | 0.890
  428 | Chaminade            |   2 | 0.830 | 1.115 | 1.343 | 0.939
  429 | LIU Post             |   2 | 0.830 | 0.917 | 1.105 | 0.896
  430 | Northern St.         |   2 | 0.829 | 0.964 | 1.163 | 0.906
  431 | Montevallo           |   2 | 0.829 | 0.926 | 1.117 | 0.901
  432 | Valdosta St.         |   2 | 0.829 | 0.941 | 1.136 | 0.913
  433 | Mount Olive          |   2 | 0.829 | 0.958 | 1.156 | 0.890
  434 | Benedict             |   2 | 0.827 | 0.883 | 1.068 | 0.890
  435 | Newman               |   2 | 0.827 | 1.011 | 1.222 | 0.912
  436 | Truman               |   2 | 0.826 | 0.940 | 1.138 | 0.903
  437 | Sioux Falls          |   2 | 0.825 | 0.908 | 1.100 | 0.904
  438 | Southeast Mo. St.    |   1 | 0.825 | 0.897 | 1.087 | 0.993
  439 | Rollins              |   2 | 0.824 | 0.954 | 1.157 | 0.896
  440 | Newberry             |   2 | 0.824 | 1.109 | 1.345 | 0.901
  441 | Winona St.           |   2 | 0.824 | 0.865 | 1.050 | 0.911
  442 | East Central         |   2 | 0.823 | 0.972 | 1.182 | 0.891
  443 | Franklin Pierce      |   2 | 0.822 | 0.926 | 1.126 | 0.913
  444 | Bowie St.            |   2 | 0.822 | 0.927 | 1.128 | 0.896
  445 | UC-Colo. Springs     |   2 | 0.821 | 0.998 | 1.215 | 0.898
  446 | Adelphi              |   2 | 0.821 | 0.940 | 1.145 | 0.901
  447 | Hartford             |   1 | 0.821 | 0.944 | 1.149 | 0.969
  448 | Binghamton           |   1 | 0.820 | 0.800 | 0.975 | 0.979
  449 | Upper Iowa           |   2 | 0.819 | 0.992 | 1.211 | 0.918
  450 | Shepherd             |   2 | 0.819 | 0.987 | 1.205 | 0.907
  451 | N.C. A&T             |   1 | 0.819 | 0.893 | 1.090 | 0.969
  452 | Carson-Newman        |   2 | 0.819 | 0.947 | 1.156 | 0.905
  453 | Ohio Dominican       |   2 | 0.818 | 0.944 | 1.154 | 0.918
  454 | Ouachita Baptist     |   2 | 0.817 | 0.930 | 1.139 | 0.899
  455 | West Va. Wesleyan    |   2 | 0.817 | 0.819 | 1.003 | 0.903
  456 | Clayton St.          |   2 | 0.817 | 0.932 | 1.141 | 0.892
  457 | Salisbury            |   3 | 0.816 | 0.798 | 0.979 | 0.848
  458 | USciences            |   2 | 0.816 | 0.820 | 1.006 | 0.899
  459 | UNC Pembroke         |   2 | 0.815 | 0.903 | 1.108 | 0.902
  460 | Christian Bros.      |   2 | 0.815 | 0.858 | 1.053 | 0.920
  461 | UTRGV                |   1 | 0.815 | 0.921 | 1.130 | 0.981
  462 | St. Edward's         |   2 | 0.814 | 0.963 | 1.182 | 0.907
  463 | North Ala.           |   2 | 0.814 | 1.038 | 1.275 | 0.917
  464 | Alma                 |   3 | 0.814 | 0.959 | 1.177 | 0.862
  465 | Georgia College      |   2 | 0.814 | 0.917 | 1.126 | 0.887
  466 | Bradley              |   1 | 0.812 | 0.790 | 0.973 | 1.023
  467 | Lewis                |   2 | 0.812 | 0.929 | 1.144 | 0.904
  468 | UTSA                 |   1 | 0.811 | 0.975 | 1.202 | 0.982
  469 | Lincoln (MO)         |   2 | 0.811 | 0.938 | 1.157 | 0.907
  470 | San Fran. St.        |   2 | 0.811 | 0.871 | 1.074 | 0.909
  471 | American             |   1 | 0.810 | 0.766 | 0.945 | 0.982
  472 | Central Wash.        |   2 | 0.810 | 0.990 | 1.222 | 0.896
  473 | Walsh                |   2 | 0.809 | 0.936 | 1.156 | 0.921
  474 | Colorado St.-Pueblo  |   2 | 0.808 | 1.009 | 1.248 | 0.891
  475 | Tex. Permian Basin   |   2 | 0.808 | 1.022 | 1.265 | 0.914
  476 | Daemen               |   2 | 0.808 | 1.025 | 1.269 | 0.890
  477 | Nicholls St.         |   1 | 0.807 | 0.905 | 1.121 | 0.993
  478 | Point Loma           |   2 | 0.806 | 0.943 | 1.170 | 0.913
  479 | Whitman              |   3 | 0.805 | 1.024 | 1.272 | 0.822
  480 | Southern Utah        |   1 | 0.804 | 0.936 | 1.163 | 0.979
  481 | Northwood (MI)       |   2 | 0.803 | 0.991 | 1.235 | 0.917
  482 | Bryant               |   1 | 0.803 | 0.874 | 1.089 | 0.969
  483 | Northern Ariz.       |   1 | 0.803 | 0.916 | 1.141 | 1.002
  484 | Chicago St.          |   1 | 0.802 | 0.898 | 1.119 | 1.001
  485 | Rockhurst            |   2 | 0.802 | 0.878 | 1.094 | 0.910
  486 | Pitt.-Johnstown      |   2 | 0.801 | 0.947 | 1.182 | 0.891
  487 | Ill.-Chicago         |   1 | 0.801 | 0.885 | 1.105 | 0.994
  488 | Amherst              |   3 | 0.801 | 0.935 | 1.167 | 0.846
  489 | Shorter              |   2 | 0.800 | 1.057 | 1.321 | 0.911
  490 | Whitworth            |   3 | 0.800 | 0.874 | 1.093 | 0.830
  491 | Emporia St.          |   2 | 0.800 | 0.888 | 1.109 | 0.914
  492 | Fresno Pacific       |   2 | 0.800 | 1.019 | 1.274 | 0.916
  493 | Alcorn               |   1 | 0.799 | 0.881 | 1.102 | 0.959
  494 | Savannah St.         |   1 | 0.799 | 0.839 | 1.049 | 0.969
  495 | Augusta              |   2 | 0.798 | 0.931 | 1.165 | 0.902
  496 | Minot St.            |   2 | 0.798 | 0.898 | 1.126 | 0.911
  497 | Minn. Duluth         |   2 | 0.798 | 0.987 | 1.237 | 0.902
  498 | Bridgeport           |   2 | 0.797 | 0.974 | 1.222 | 0.913
  499 | Mary                 |   2 | 0.797 | 0.937 | 1.176 | 0.904
  500 | Southwest Minn. St.  |   2 | 0.796 | 0.960 | 1.207 | 0.912
  501 | Ohio Wesleyan        |   3 | 0.796 | 1.000 | 1.256 | 0.850
  502 | Pittsburg St.        |   2 | 0.795 | 0.939 | 1.180 | 0.907
  503 | Dominican (CA)       |   2 | 0.795 | 0.904 | 1.137 | 0.894
  504 | Washburn             |   2 | 0.794 | 0.883 | 1.111 | 0.914
  505 | Drury                |   2 | 0.794 | 0.878 | 1.106 | 0.908
  506 | Mississippi Val.     |   1 | 0.793 | 0.896 | 1.130 | 0.980
  507 | St. Cloud St.        |   2 | 0.793 | 0.969 | 1.222 | 0.885
  508 | Saint Leo            |   2 | 0.793 | 0.997 | 1.256 | 0.907
  509 | Shippensburg         |   2 | 0.792 | 0.917 | 1.157 | 0.896
  510 | Young Harris         |   2 | 0.792 | 0.949 | 1.198 | 0.901
  511 | Chowan               |   2 | 0.791 | 0.889 | 1.124 | 0.882
  512 | Northern Mich.       |   2 | 0.791 | 0.836 | 1.057 | 0.928
  513 | Bloomsburg           |   2 | 0.790 | 0.920 | 1.164 | 0.889
  514 | Fort Hays St.        |   2 | 0.789 | 0.906 | 1.148 | 0.913
  515 | Post                 |   2 | 0.789 | 0.900 | 1.140 | 0.888
  516 | Catholic             |   3 | 0.788 | 0.939 | 1.191 | 0.837
  517 | Miles                |   2 | 0.788 | 0.985 | 1.250 | 0.898
  518 | Embry-Riddle (FL)    |   2 | 0.788 | 0.994 | 1.261 | 0.906
  519 | Clarion              |   2 | 0.787 | 0.878 | 1.116 | 0.893
  520 | Tiffin               |   2 | 0.787 | 0.883 | 1.122 | 0.925
  521 | Prairie View         |   1 | 0.784 | 0.821 | 1.048 | 0.987
  522 | Slippery Rock        |   2 | 0.783 | 0.834 | 1.066 | 0.900
  523 | Mississippi Col.     |   2 | 0.783 | 0.865 | 1.105 | 0.921
  524 | Chicago              |   3 | 0.783 | 0.833 | 1.064 | 0.861
  525 | Virginia Union       |   2 | 0.783 | 0.922 | 1.177 | 0.894
  526 | John Carroll         |   3 | 0.782 | 1.037 | 1.326 | 0.838
  527 | Central Okla.        |   2 | 0.782 | 0.906 | 1.159 | 0.903
  528 | Lake Erie            |   2 | 0.782 | 0.882 | 1.129 | 0.913
  529 | Lancaster Bible      |   3 | 0.782 | 1.017 | 1.301 | 0.789
  530 | Cal St. Dom. Hills   |   2 | 0.782 | 0.934 | 1.193 | 0.933
  531 | Johnson C. Smith     |   2 | 0.780 | 0.982 | 1.259 | 0.902
  532 | Marietta             |   3 | 0.779 | 0.952 | 1.222 | 0.849
  533 | Palm Beach Atl.      |   2 | 0.779 | 0.949 | 1.218 | 0.909
  534 | Edinboro             |   2 | 0.778 | 0.941 | 1.209 | 0.899
  535 | Lee                  |   2 | 0.778 | 0.903 | 1.160 | 0.915
  536 | Lynn                 |   2 | 0.778 | 0.973 | 1.250 | 0.903
  537 | Wooster              |   3 | 0.777 | 0.870 | 1.119 | 0.845
  538 | Michigan Tech        |   2 | 0.777 | 0.819 | 1.054 | 0.920
  539 | Morehouse            |   2 | 0.776 | 0.853 | 1.100 | 0.884
  540 | Goldey-Beacom        |   2 | 0.776 | 0.874 | 1.126 | 0.895
  541 | Hope                 |   3 | 0.775 | 0.904 | 1.167 | 0.846
  542 | Francis Marion       |   2 | 0.774 | 0.925 | 1.195 | 0.894
  543 | Fla. Southern        |   2 | 0.773 | 1.010 | 1.308 | 0.906
  544 | Tusculum             |   2 | 0.773 | 0.976 | 1.262 | 0.906
  545 | New Haven            |   2 | 0.772 | 0.788 | 1.021 | 0.917
  546 | Grambling            |   1 | 0.772 | 0.803 | 1.041 | 0.981
  547 | Cal St. East Bay     |   2 | 0.772 | 0.809 | 1.048 | 0.925
  548 | Florida Tech         |   2 | 0.772 | 0.952 | 1.233 | 0.896
  549 | Northeastern St.     |   2 | 0.772 | 0.961 | 1.245 | 0.912
  550 | St. Mary's (TX)      |   2 | 0.772 | 0.829 | 1.075 | 0.908
  551 | Southern Ark.        |   2 | 0.770 | 0.896 | 1.163 | 0.893
  552 | American Int'l       |   2 | 0.770 | 0.928 | 1.205 | 0.921
  553 | Winston-Salem        |   2 | 0.769 | 0.876 | 1.140 | 0.903
  554 | Dist. Columbia       |   2 | 0.769 | 0.958 | 1.247 | 0.896
  555 | Catawba              |   2 | 0.768 | 0.877 | 1.142 | 0.899
  556 | AUM                  |   2 | 0.768 | 0.967 | 1.259 | 0.937
  557 | Claflin              |   2 | 0.768 | 0.817 | 1.064 | 0.886
  558 | Hawaii Hilo          |   2 | 0.767 | 0.960 | 1.252 | 0.926
  559 | MSU Denver           |   2 | 0.767 | 0.832 | 1.085 | 0.893
  560 | Bloomfield           |   2 | 0.767 | 0.941 | 1.226 | 0.897
  561 | Mo.-St. Louis        |   2 | 0.766 | 0.847 | 1.106 | 0.899
  562 | Trinity (CT)         |   3 | 0.766 | 0.869 | 1.135 | 0.847
  563 | Shaw                 |   2 | 0.766 | 0.884 | 1.154 | 0.902
  564 | Ark.-Pine Bluff      |   1 | 0.766 | 0.783 | 1.022 | 0.993
  565 | Livingstone          |   2 | 0.765 | 0.912 | 1.192 | 0.893
  566 | Tufts                |   3 | 0.764 | 0.971 | 1.270 | 0.841
  567 | Barton               |   2 | 0.764 | 0.962 | 1.259 | 0.876
  568 | N.M. Highlands       |   2 | 0.764 | 0.966 | 1.265 | 0.904
  569 | Kentucky St.         |   2 | 0.764 | 0.984 | 1.287 | 0.894
  570 | Babson               |   3 | 0.763 | 0.899 | 1.178 | 0.840
  571 | Seton Hill           |   2 | 0.763 | 0.916 | 1.200 | 0.903
  572 | Wayne St. (MI)       |   2 | 0.762 | 0.839 | 1.102 | 0.926
  573 | Arkansas Tech        |   2 | 0.762 | 0.899 | 1.180 | 0.898
  574 | Emory                |   3 | 0.761 | 0.888 | 1.167 | 0.859
  575 | Cal St. San B'dino   |   2 | 0.761 | 0.929 | 1.221 | 0.901
  576 | Nova Southeastern    |   2 | 0.761 | 0.889 | 1.167 | 0.901
  577 | Southern Vt.         |   3 | 0.761 | 0.926 | 1.218 | 0.816
  578 | Fayetteville St.     |   2 | 0.761 | 0.905 | 1.189 | 0.893
  579 | Florida A&M          |   1 | 0.761 | 0.812 | 1.067 | 0.961
  580 | Susquehanna          |   3 | 0.761 | 0.914 | 1.201 | 0.840
  581 | Dowling              |   2 | 0.760 | 0.975 | 1.282 | 0.884
  582 | Tex. A&M-Kingsville  |   2 | 0.760 | 0.796 | 1.048 | 0.920
  583 | Tuskegee             |   2 | 0.760 | 0.773 | 1.018 | 0.887
  584 | Ill.-Springfield     |   2 | 0.760 | 0.910 | 1.198 | 0.929
  585 | St. Norbert          |   3 | 0.759 | 0.833 | 1.098 | 0.832
  586 | Eastern Conn. St.    |   3 | 0.758 | 0.801 | 1.056 | 0.847
  587 | Adams St.            |   2 | 0.758 | 0.944 | 1.245 | 0.907
  588 | Chestnut Hill        |   2 | 0.758 | 0.906 | 1.196 | 0.890
  589 | Pace                 |   2 | 0.758 | 0.834 | 1.101 | 0.904
  590 | Armstrong St.        |   2 | 0.757 | 0.917 | 1.212 | 0.900
  591 | Stockton             |   3 | 0.757 | 0.828 | 1.095 | 0.835
  592 | Malone               |   2 | 0.756 | 0.921 | 1.218 | 0.917
  593 | Glenville St.        |   2 | 0.755 | 0.960 | 1.271 | 0.914
  594 | Concordia Wisconsin  |   3 | 0.755 | 0.931 | 1.232 | 0.830
  595 | Tampa                |   2 | 0.755 | 0.847 | 1.122 | 0.909
  596 | Saint Martin's       |   2 | 0.754 | 0.842 | 1.118 | 0.917
  597 | Colo. Christian      |   2 | 0.754 | 0.957 | 1.269 | 0.889
  598 | LeMoyne-Owen         |   2 | 0.753 | 0.950 | 1.262 | 0.897
  599 | Delaware St.         |   1 | 0.753 | 0.785 | 1.042 | 0.970
  600 | Southwestern Okla.   |   2 | 0.752 | 0.888 | 1.181 | 0.894
  601 | Penn St.-Behrend     |   3 | 0.752 | 0.777 | 1.032 | 0.800
  602 | Missouri S&T         |   2 | 0.751 | 0.967 | 1.287 | 0.899
  603 | Coker                |   2 | 0.750 | 0.818 | 1.092 | 0.906
  604 | Le Moyne             |   2 | 0.750 | 0.842 | 1.123 | 0.918
  605 | Southern Nazarene    |   2 | 0.750 | 0.949 | 1.264 | 0.895
  606 | Central St. (OH)     |   2 | 0.749 | 0.876 | 1.170 | 0.897
  607 | Eastern N.M.         |   2 | 0.749 | 0.918 | 1.225 | 0.916
  608 | McKendree            |   2 | 0.748 | 0.899 | 1.203 | 0.903
  609 | Nichols              |   3 | 0.748 | 0.980 | 1.310 | 0.812
  610 | Delaware Valley      |   3 | 0.746 | 0.820 | 1.098 | 0.816
  611 | Northwestern Okla.   |   2 | 0.746 | 0.886 | 1.188 | 0.895
  612 | Gwynedd Mercy        |   3 | 0.746 | 0.943 | 1.265 | 0.811
  613 | Lane                 |   2 | 0.745 | 0.863 | 1.159 | 0.892
  614 | Anderson (SC)        |   2 | 0.745 | 0.829 | 1.113 | 0.901
  615 | Mo. Western St.      |   2 | 0.745 | 0.873 | 1.172 | 0.911
  616 | West Florida         |   2 | 0.744 | 0.884 | 1.189 | 0.914
  617 | Molloy               |   2 | 0.744 | 0.888 | 1.194 | 0.900
  618 | Trevecca Nazarene    |   2 | 0.743 | 0.905 | 1.217 | 0.897
  619 | Bemidji St.          |   2 | 0.742 | 0.864 | 1.165 | 0.886
  620 | Concordia (NY)       |   2 | 0.742 | 0.977 | 1.316 | 0.897
  621 | Spring Hill          |   2 | 0.741 | 0.828 | 1.117 | 0.893
  622 | Assumption           |   2 | 0.740 | 0.931 | 1.258 | 0.919
  623 | Ga. Southwestern     |   2 | 0.740 | 0.888 | 1.199 | 0.896
  624 | Stanislaus St.       |   2 | 0.740 | 0.807 | 1.091 | 0.914
  625 | SUNY Oneonta         |   3 | 0.739 | 0.888 | 1.200 | 0.848
  626 | Wesleyan (CT)        |   3 | 0.738 | 0.843 | 1.142 | 0.833
  627 | Calvin               |   3 | 0.738 | 0.893 | 1.210 | 0.857
  628 | LaGrange             |   3 | 0.738 | 0.938 | 1.271 | 0.845
  629 | Paine                |   2 | 0.737 | 0.964 | 1.309 | 0.897
  630 | Lees-McRae           |   2 | 0.737 | 0.935 | 1.269 | 0.883
  631 | P.R.-Rio Piedras     |   2 | 0.737 | 0.839 | 1.138 | 0.893
  632 | West Virginia St.    |   2 | 0.737 | 0.965 | 1.310 | 0.922
  633 | Black Hills St.      |   2 | 0.737 | 0.866 | 1.175 | 0.880
  634 | Va. Wesleyan         |   3 | 0.736 | 0.851 | 1.156 | 0.853
  635 | Brooklyn             |   3 | 0.735 | 0.923 | 1.255 | 0.819
  636 | Wis.-Oshkosh         |   3 | 0.735 | 0.823 | 1.120 | 0.842
  637 | Nyack                |   2 | 0.735 | 0.839 | 1.142 | 0.881
  638 | Central Conn. St.    |   1 | 0.735 | 0.842 | 1.146 | 0.956
  639 | Ill. Wesleyan        |   3 | 0.735 | 0.893 | 1.215 | 0.860
  640 | Cal St. L.A.         |   2 | 0.735 | 0.778 | 1.058 | 0.926
  641 | Rochester (NY)       |   3 | 0.734 | 0.844 | 1.149 | 0.847
  642 | Wis.-La Crosse       |   3 | 0.733 | 0.799 | 1.090 | 0.845
  643 | Brockport            |   3 | 0.733 | 0.871 | 1.189 | 0.843
  644 | Caldwell             |   2 | 0.733 | 0.829 | 1.132 | 0.894
  645 | Washington-St. Louis |   3 | 0.733 | 0.884 | 1.206 | 0.853
  646 | North Park           |   3 | 0.733 | 0.955 | 1.304 | 0.875
  647 | Trine                |   3 | 0.732 | 0.771 | 1.053 | 0.851
  648 | Lincoln (PA)         |   2 | 0.732 | 0.861 | 1.175 | 0.899
  649 | WPI                  |   3 | 0.732 | 0.762 | 1.041 | 0.829
  650 | Ark.-Monticello      |   2 | 0.732 | 0.870 | 1.188 | 0.893
  651 | Capital              |   3 | 0.732 | 0.867 | 1.184 | 0.849
  652 | Middlebury           |   3 | 0.732 | 0.879 | 1.201 | 0.830
  653 | Westminster (UT)     |   2 | 0.731 | 0.828 | 1.132 | 0.891
  654 | North Georgia        |   2 | 0.731 | 0.956 | 1.309 | 0.897
  655 | Nazareth             |   3 | 0.730 | 0.853 | 1.168 | 0.828
  656 | Southwest Baptist    |   2 | 0.730 | 0.844 | 1.157 | 0.911
  657 | Lynchburg            |   3 | 0.728 | 0.905 | 1.243 | 0.846
  658 | Central (IA)         |   3 | 0.727 | 0.890 | 1.223 | 0.823
  659 | North Greenville     |   2 | 0.727 | 0.819 | 1.126 | 0.903
  660 | Concordia-St. Paul   |   2 | 0.727 | 0.869 | 1.196 | 0.911
  661 | Henderson St.        |   2 | 0.727 | 0.820 | 1.128 | 0.892
  662 | Neb. Wesleyan        |   3 | 0.726 | 1.021 | 1.407 | 0.840
  663 | Mont. St. Billings   |   2 | 0.726 | 0.888 | 1.223 | 0.906
  664 | Queens (NY)          |   2 | 0.726 | 0.855 | 1.178 | 0.895
  665 | Plattsburgh St.      |   3 | 0.726 | 0.914 | 1.260 | 0.837
  666 | Texas-Dallas         |   3 | 0.726 | 0.796 | 1.096 | 0.820
  667 | Adrian               |   3 | 0.724 | 0.815 | 1.126 | 0.845
  668 | Wis.-Whitewater      |   3 | 0.724 | 0.856 | 1.183 | 0.836
  669 | Texas Lutheran       |   3 | 0.723 | 0.896 | 1.239 | 0.843
  670 | Elizabeth City St.   |   2 | 0.723 | 0.836 | 1.156 | 0.887
  671 | Regis (CO)           |   2 | 0.723 | 0.864 | 1.195 | 0.884
  672 | St. John Fisher      |   3 | 0.722 | 0.842 | 1.166 | 0.833
  673 | Mount Union          |   3 | 0.722 | 0.931 | 1.290 | 0.848
  674 | Maryville (MO)       |   2 | 0.722 | 0.884 | 1.225 | 0.902
  675 | Frank. & Marsh.      |   3 | 0.721 | 0.813 | 1.127 | 0.827
  676 | Wilmington (DE)      |   2 | 0.721 | 0.881 | 1.221 | 0.895
  677 | Albion               |   3 | 0.721 | 0.815 | 1.129 | 0.877
  678 | Mars Hill            |   2 | 0.720 | 0.932 | 1.295 | 0.907
  679 | Swarthmore           |   3 | 0.720 | 0.811 | 1.126 | 0.819
  680 | Chapman              |   3 | 0.720 | 0.863 | 1.199 | 0.837
  681 | Staten Island        |   3 | 0.719 | 0.875 | 1.217 | 0.827
  682 | Pfeiffer             |   2 | 0.719 | 0.882 | 1.227 | 0.888
  683 | Hampden-Sydney       |   3 | 0.718 | 0.826 | 1.151 | 0.834
  684 | Williams             |   3 | 0.718 | 0.791 | 1.102 | 0.841
  685 | Okla. Christian      |   2 | 0.718 | 0.827 | 1.153 | 0.921
  686 | Wittenberg           |   3 | 0.717 | 0.804 | 1.121 | 0.837
  687 | NYU                  |   3 | 0.716 | 0.861 | 1.203 | 0.823
  688 | Davis & Elkins       |   2 | 0.715 | 0.925 | 1.293 | 0.893
  689 | Mercy                |   2 | 0.714 | 0.874 | 1.224 | 0.881
  690 | Gettysburg           |   3 | 0.714 | 0.837 | 1.172 | 0.826
  691 | Dubuque              |   3 | 0.713 | 0.860 | 1.205 | 0.842
  692 | California (PA)      |   2 | 0.713 | 0.811 | 1.137 | 0.903
  693 | S.C. Aiken           |   2 | 0.713 | 0.821 | 1.151 | 0.900
  694 | Concordia-M'head     |   3 | 0.713 | 0.874 | 1.227 | 0.841
  695 | Denison              |   3 | 0.713 | 0.856 | 1.202 | 0.847
  696 | Brevard              |   2 | 0.712 | 0.846 | 1.188 | 0.903
  697 | Lock Haven           |   2 | 0.712 | 0.876 | 1.231 | 0.889
  698 | Northwest Nazarene   |   2 | 0.712 | 0.870 | 1.222 | 0.901
  699 | Saint Michael's      |   2 | 0.711 | 0.854 | 1.202 | 0.920
  700 | St. Olaf             |   3 | 0.710 | 0.819 | 1.154 | 0.837
  701 | Saint John's (MN)    |   3 | 0.710 | 0.887 | 1.250 | 0.840
  702 | Simpson              |   3 | 0.709 | 0.836 | 1.179 | 0.847
  703 | Bluefield St.        |   2 | 0.709 | 0.895 | 1.262 | 0.886
  704 | William Jewell       |   2 | 0.709 | 0.872 | 1.231 | 0.910
  705 | Scranton             |   3 | 0.709 | 0.784 | 1.106 | 0.829
  706 | Greensboro           |   3 | 0.708 | 0.883 | 1.248 | 0.842
  707 | Hartwick             |   3 | 0.706 | 0.912 | 1.291 | 0.831
  708 | Roanoke              |   3 | 0.706 | 1.043 | 1.478 | 0.829
  709 | Buffalo St.          |   3 | 0.706 | 0.915 | 1.296 | 0.838
  710 | P.R.-Mayaguez        |   2 | 0.706 | 0.927 | 1.314 | 0.902
  711 | Holy Names           |   2 | 0.706 | 0.868 | 1.229 | 0.915
  712 | Lycoming             |   3 | 0.706 | 0.864 | 1.223 | 0.812
  713 | St. Joseph's (IN)    |   2 | 0.706 | 0.944 | 1.338 | 0.909
  714 | Wis.-Stevens Point   |   3 | 0.705 | 0.734 | 1.040 | 0.857
  715 | SUNY Canton          |   3 | 0.704 | 0.825 | 1.171 | 0.806
  716 | Limestone            |   2 | 0.704 | 0.844 | 1.199 | 0.883
  717 | Rutgers-Newark       |   3 | 0.704 | 0.787 | 1.118 | 0.829
  718 | Brandeis             |   3 | 0.704 | 0.789 | 1.120 | 0.853
  719 | Mary Washington      |   3 | 0.704 | 0.856 | 1.216 | 0.855
  720 | Saint Augustine's    |   2 | 0.703 | 0.771 | 1.095 | 0.895
  721 | Urbana               |   2 | 0.703 | 0.950 | 1.352 | 0.913
  722 | Roberts Wesleyan     |   2 | 0.703 | 0.863 | 1.227 | 0.888
  723 | Mt. St. Joseph       |   3 | 0.702 | 0.830 | 1.181 | 0.840
  724 | Dominican (NY)       |   2 | 0.702 | 0.809 | 1.153 | 0.892
  725 | SUNY Geneseo         |   3 | 0.701 | 0.908 | 1.295 | 0.831
  726 | Okla. Panhandle      |   2 | 0.700 | 0.922 | 1.317 | 0.907
  727 | SUNY Cortland        |   3 | 0.700 | 0.851 | 1.217 | 0.812
  728 | Carleton             |   3 | 0.699 | 0.755 | 1.081 | 0.832
  729 | Keene St.            |   3 | 0.698 | 0.869 | 1.244 | 0.833
  730 | MSOE                 |   3 | 0.698 | 0.812 | 1.163 | 0.814
  731 | Skidmore             |   3 | 0.698 | 0.830 | 1.188 | 0.837
  732 | Carnegie Mellon      |   3 | 0.697 | 0.850 | 1.219 | 0.845
  733 | Western Conn. St.    |   3 | 0.697 | 0.897 | 1.287 | 0.830
  734 | Southeastern Okla.   |   2 | 0.696 | 0.873 | 1.253 | 0.900
  735 | N.C. Wesleyan        |   3 | 0.695 | 0.888 | 1.277 | 0.857
  736 | Lasell               |   3 | 0.695 | 0.903 | 1.298 | 0.806
  737 | Fort Valley St.      |   2 | 0.695 | 0.911 | 1.310 | 0.900
  738 | Flagler              |   2 | 0.694 | 0.893 | 1.286 | 0.898
  739 | Academy of Art       |   2 | 0.694 | 0.813 | 1.170 | 0.912
  740 | Randolph-Macon       |   3 | 0.694 | 0.865 | 1.245 | 0.848
  741 | Pacific Lutheran     |   3 | 0.694 | 0.811 | 1.168 | 0.846
  742 | Puget Sound          |   3 | 0.693 | 0.850 | 1.226 | 0.850
  743 | Clark Atlanta        |   2 | 0.693 | 0.859 | 1.240 | 0.894
  744 | Colby                |   3 | 0.693 | 0.874 | 1.262 | 0.830
  745 | Wayne St. (NE)       |   2 | 0.693 | 0.888 | 1.281 | 0.914
  746 | Juniata              |   3 | 0.692 | 0.766 | 1.107 | 0.816
  747 | Oswego St.           |   3 | 0.692 | 0.766 | 1.107 | 0.834
  748 | Bowdoin              |   3 | 0.692 | 0.886 | 1.280 | 0.834
  749 | Wis.-River Falls     |   3 | 0.692 | 0.836 | 1.209 | 0.857
  750 | Eastern              |   3 | 0.692 | 0.864 | 1.249 | 0.837
  751 | East Tex. Baptist    |   3 | 0.691 | 0.821 | 1.188 | 0.830
  752 | Erskine              |   2 | 0.691 | 0.829 | 1.200 | 0.881
  753 | Wis.-Eau Claire      |   3 | 0.689 | 0.812 | 1.179 | 0.842
  754 | Johns Hopkins        |   3 | 0.689 | 0.826 | 1.199 | 0.837
  755 | MIT                  |   3 | 0.689 | 0.734 | 1.065 | 0.829
  756 | Belmont Abbey        |   2 | 0.689 | 0.862 | 1.252 | 0.895
  757 | Gannon               |   2 | 0.689 | 0.750 | 1.088 | 0.903
  758 | Baldwin Wallace      |   3 | 0.688 | 0.887 | 1.289 | 0.842
  759 | UVa-Wise             |   2 | 0.688 | 0.904 | 1.313 | 0.931
  760 | Minn.-Crookston      |   2 | 0.688 | 0.798 | 1.160 | 0.899
  761 | Maryville (TN)       |   3 | 0.687 | 0.931 | 1.354 | 0.841
  762 | Guilford             |   3 | 0.687 | 0.766 | 1.115 | 0.841
  763 | Covenant             |   3 | 0.686 | 0.837 | 1.221 | 0.842
  764 | Cedarville           |   2 | 0.686 | 0.756 | 1.103 | 0.907
  765 | Ohio Valley          |   2 | 0.686 | 0.893 | 1.301 | 0.921
  766 | Piedmont             |   3 | 0.685 | 0.834 | 1.217 | 0.852
  767 | Felician             |   2 | 0.685 | 0.761 | 1.112 | 0.891
  768 | Louisiana Col.       |   3 | 0.685 | 0.818 | 1.193 | 0.857
  769 | Northwestern-St.Paul |   3 | 0.684 | 0.842 | 1.231 | 0.781
  770 | Saint Vincent        |   3 | 0.684 | 0.830 | 1.213 | 0.816
  771 | Neumann              |   3 | 0.683 | 0.877 | 1.284 | 0.809
  772 | New Jersey City      |   3 | 0.683 | 0.868 | 1.272 | 0.834
  773 | Lakeland             |   3 | 0.682 | 0.857 | 1.258 | 0.810
  774 | Oberlin              |   3 | 0.682 | 0.822 | 1.205 | 0.835
  775 | Western St.          |   2 | 0.681 | 0.891 | 1.308 | 0.893
  776 | Endicott             |   3 | 0.681 | 0.852 | 1.251 | 0.822
  777 | Bates                |   3 | 0.681 | 0.833 | 1.224 | 0.843
  778 | Wesley               |   3 | 0.681 | 0.861 | 1.266 | 0.862
  779 | Chadron St.          |   2 | 0.680 | 0.817 | 1.202 | 0.887
  780 | Monmouth (IL)        |   3 | 0.680 | 0.840 | 1.236 | 0.818
  781 | UMass Dartmouth      |   3 | 0.680 | 0.931 | 1.369 | 0.839
  782 | Ohio Northern        |   3 | 0.680 | 0.899 | 1.323 | 0.852
  783 | Heidelberg           |   3 | 0.679 | 0.843 | 1.241 | 0.852
  784 | Ursinus              |   3 | 0.678 | 0.831 | 1.225 | 0.841
  785 | Claremont-M-S        |   3 | 0.678 | 0.736 | 1.085 | 0.818
  786 | Gust. Adolphus       |   3 | 0.677 | 0.793 | 1.171 | 0.838
  787 | Birmingham-So.       |   3 | 0.675 | 0.833 | 1.234 | 0.832
  788 | Georgian Court       |   2 | 0.675 | 0.855 | 1.267 | 0.893
  789 | CWRU                 |   3 | 0.675 | 0.985 | 1.460 | 0.848
  790 | Hardin-Simmons       |   3 | 0.675 | 0.894 | 1.324 | 0.835
  791 | Hobart               |   3 | 0.675 | 0.804 | 1.191 | 0.844
  792 | Rockford             |   3 | 0.675 | 0.920 | 1.364 | 0.819
  793 | RIT                  |   3 | 0.675 | 0.861 | 1.276 | 0.840
  794 | Rensselaer           |   3 | 0.673 | 0.755 | 1.121 | 0.833
  795 | Sewanee              |   3 | 0.673 | 0.788 | 1.171 | 0.825
  796 | East. Mennonite      |   3 | 0.673 | 0.877 | 1.302 | 0.852
  797 | TCNJ                 |   3 | 0.672 | 0.837 | 1.245 | 0.822
  798 | Hilbert              |   3 | 0.672 | 0.899 | 1.338 | 0.790
  799 | Wash. & Lee          |   3 | 0.672 | 0.811 | 1.206 | 0.847
  800 | Loras                |   3 | 0.671 | 0.833 | 1.242 | 0.828
  801 | Carroll (WI)         |   3 | 0.671 | 0.792 | 1.180 | 0.826
  802 | Emory & Henry        |   3 | 0.671 | 0.836 | 1.246 | 0.844
  803 | Hanover              |   3 | 0.671 | 0.804 | 1.197 | 0.828
  804 | Ramapo               |   3 | 0.671 | 0.904 | 1.347 | 0.823
  805 | Connecticut Col.     |   3 | 0.671 | 0.898 | 1.339 | 0.833
  806 | Fitchburg St.        |   3 | 0.670 | 0.866 | 1.293 | 0.819
  807 | Oakland City         |   2 | 0.670 | 0.843 | 1.258 | 0.947
  808 | Marymount (VA)       |   3 | 0.670 | 0.812 | 1.212 | 0.834
  809 | Lewis & Clark        |   3 | 0.669 | 0.844 | 1.261 | 0.855
  810 | Centre               |   3 | 0.669 | 0.730 | 1.090 | 0.824
  811 | Gallaudet            |   3 | 0.668 | 0.794 | 1.188 | 0.802
  812 | Randolph             |   3 | 0.668 | 0.720 | 1.078 | 0.847
  813 | Union (NY)           |   3 | 0.668 | 0.862 | 1.291 | 0.843
  814 | Becker               |   3 | 0.668 | 0.812 | 1.216 | 0.818
  815 | Elms                 |   3 | 0.667 | 0.889 | 1.333 | 0.826
  816 | Albany St. (GA)      |   2 | 0.667 | 0.796 | 1.194 | 0.897
  817 | Ferrum               |   3 | 0.667 | 0.767 | 1.149 | 0.848
  818 | Wheaton (IL)         |   3 | 0.667 | 0.807 | 1.209 | 0.866
  819 | Thomas More          |   3 | 0.666 | 0.858 | 1.287 | 0.815
  820 | Ripon                |   3 | 0.666 | 0.815 | 1.225 | 0.824
  821 | Wartburg             |   3 | 0.666 | 0.837 | 1.256 | 0.826
  822 | Eastern Nazarene     |   3 | 0.666 | 0.836 | 1.255 | 0.812
  823 | Concordia Portland   |   2 | 0.665 | 0.861 | 1.295 | 0.922
  824 | Wis.-Platteville     |   3 | 0.663 | 0.817 | 1.231 | 0.841
  825 | Lehman               |   3 | 0.662 | 0.854 | 1.291 | 0.814
  826 | Methodist            |   3 | 0.662 | 0.770 | 1.163 | 0.858
  827 | Wentworth            |   3 | 0.662 | 0.783 | 1.183 | 0.826
  828 | Mary Hardin-Baylor   |   3 | 0.662 | 0.882 | 1.332 | 0.842
  829 | Husson               |   3 | 0.661 | 0.916 | 1.387 | 0.794
  830 | St. Mary's (MD)      |   3 | 0.661 | 0.779 | 1.179 | 0.849
  831 | Whittier             |   3 | 0.661 | 0.872 | 1.319 | 0.818
  832 | Wm. Paterson         |   3 | 0.659 | 0.825 | 1.251 | 0.832
  833 | Southern Me.         |   3 | 0.659 | 0.863 | 1.310 | 0.823
  834 | Concordia (TX)       |   3 | 0.658 | 1.006 | 1.528 | 0.834
  835 | Hood                 |   3 | 0.658 | 0.766 | 1.164 | 0.825
  836 | Sul Ross St.         |   3 | 0.658 | 0.825 | 1.253 | 0.862
  837 | Lake Forest          |   3 | 0.658 | 0.805 | 1.225 | 0.826
  838 | Colorado Col.        |   3 | 0.658 | 0.797 | 1.212 | 0.838
  839 | NYIT                 |   2 | 0.658 | 0.872 | 1.325 | 0.890
  840 | Manchester           |   3 | 0.657 | 0.835 | 1.272 | 0.825
  841 | Linfield             |   3 | 0.657 | 0.752 | 1.145 | 0.848
  842 | Lebanon Valley       |   3 | 0.656 | 0.850 | 1.296 | 0.817
  843 | South Dakota Mines   |   2 | 0.656 | 0.764 | 1.165 | 0.887
  844 | Worcester St.        |   3 | 0.656 | 0.883 | 1.346 | 0.819
  845 | Rowan                |   3 | 0.656 | 0.896 | 1.366 | 0.834
  846 | Carthage             |   3 | 0.655 | 0.797 | 1.218 | 0.857
  847 | Springfield          |   3 | 0.655 | 0.816 | 1.245 | 0.839
  848 | Okla. Baptist        |   2 | 0.655 | 0.814 | 1.243 | 0.891
  849 | Berry                |   3 | 0.654 | 0.868 | 1.327 | 0.830
  850 | York (PA)            |   3 | 0.654 | 0.734 | 1.121 | 0.833
  851 | Dickinson            |   3 | 0.654 | 0.791 | 1.210 | 0.834
  852 | Hiram                |   3 | 0.654 | 0.855 | 1.307 | 0.844
  853 | Southwestern (TX)    |   3 | 0.654 | 0.856 | 1.309 | 0.834
  854 | Ithaca               |   3 | 0.653 | 0.928 | 1.420 | 0.824
  855 | St. Lawrence         |   3 | 0.653 | 0.821 | 1.258 | 0.831
  856 | Buena Vista          |   3 | 0.653 | 0.911 | 1.397 | 0.835
  857 | Kenyon               |   3 | 0.651 | 0.836 | 1.284 | 0.840
  858 | Millersville         |   2 | 0.651 | 0.789 | 1.212 | 0.896
  859 | Stevens              |   3 | 0.649 | 0.967 | 1.489 | 0.825
  860 | Pacific (OR)         |   3 | 0.649 | 0.752 | 1.159 | 0.828
  861 | Rhodes               |   3 | 0.648 | 0.725 | 1.120 | 0.829
  862 | Muhlenberg           |   3 | 0.648 | 0.766 | 1.182 | 0.831
  863 | Plymouth St.         |   3 | 0.648 | 0.810 | 1.251 | 0.814
  864 | Defiance             |   3 | 0.648 | 0.785 | 1.211 | 0.831
  865 | Rose-Hulman          |   3 | 0.647 | 0.816 | 1.261 | 0.820
  866 | Simon Fraser         |   2 | 0.647 | 0.849 | 1.312 | 0.907
  867 | CCNY                 |   3 | 0.647 | 0.802 | 1.240 | 0.819
  868 | Albertus Magnus      |   3 | 0.646 | 0.888 | 1.374 | 0.802
  869 | Misericordia         |   3 | 0.645 | 0.821 | 1.273 | 0.824
  870 | Salem St.            |   3 | 0.644 | 0.856 | 1.330 | 0.826
  871 | Green Mountain       |   3 | 0.644 | 0.942 | 1.463 | 0.790
  872 | Emerson              |   3 | 0.642 | 0.798 | 1.244 | 0.831
  873 | Vassar               |   3 | 0.641 | 0.750 | 1.171 | 0.839
  874 | Howard Payne         |   3 | 0.641 | 0.800 | 1.248 | 0.841
  875 | Wabash               |   3 | 0.640 | 0.788 | 1.231 | 0.841
  876 | Grove City           |   3 | 0.640 | 0.742 | 1.160 | 0.797
  877 | Cheyney              |   2 | 0.639 | 0.783 | 1.225 | 0.897
  878 | Coe                  |   3 | 0.638 | 0.797 | 1.250 | 0.843
  879 | McDaniel             |   3 | 0.638 | 0.695 | 1.090 | 0.833
  880 | Cabrini              |   3 | 0.638 | 0.896 | 1.404 | 0.816
  881 | Alfred               |   3 | 0.638 | 0.793 | 1.244 | 0.817
  882 | Roger Williams       |   3 | 0.637 | 0.724 | 1.137 | 0.818
  883 | Widener              |   3 | 0.637 | 0.765 | 1.201 | 0.834
  884 | Rhode Island Col.    |   3 | 0.637 | 0.759 | 1.191 | 0.854
  885 | P.R.-Bayamon         |   2 | 0.637 | 0.789 | 1.237 | 0.910
  886 | Lawrence             |   3 | 0.636 | 0.780 | 1.226 | 0.819
  887 | LeTourneau           |   3 | 0.636 | 0.841 | 1.322 | 0.836
  888 | Wis. Lutheran        |   3 | 0.636 | 0.837 | 1.316 | 0.821
  889 | Mansfield            |   2 | 0.636 | 0.855 | 1.344 | 0.892
  890 | Hamilton             |   3 | 0.635 | 0.796 | 1.252 | 0.833
  891 | Oglethorpe           |   3 | 0.634 | 0.791 | 1.248 | 0.827
  892 | William Peace        |   3 | 0.634 | 0.864 | 1.362 | 0.834
  893 | Gordon               |   3 | 0.634 | 0.832 | 1.313 | 0.817
  894 | Muskingum            |   3 | 0.633 | 0.854 | 1.349 | 0.834
  895 | Redlands             |   3 | 0.633 | 0.784 | 1.240 | 0.826
  896 | Sage Colleges        |   3 | 0.632 | 0.848 | 1.343 | 0.793
  897 | Texas-Tyler          |   3 | 0.631 | 0.814 | 1.289 | 0.839
  898 | Western N.M.         |   2 | 0.631 | 0.776 | 1.230 | 0.881
  899 | Grinnell             |   3 | 0.630 | 1.156 | 1.834 | 0.823
  900 | Albright             |   3 | 0.630 | 0.757 | 1.202 | 0.828
  901 | Drew                 |   3 | 0.630 | 0.837 | 1.329 | 0.826
  902 | Yeshiva              |   3 | 0.630 | 0.774 | 1.229 | 0.802
  903 | Regis (MA)           |   3 | 0.629 | 0.721 | 1.147 | 0.822
  904 | Wilmington (OH)      |   3 | 0.629 | 0.806 | 1.282 | 0.855
  905 | Clarkson             |   3 | 0.629 | 0.745 | 1.183 | 0.833
  906 | Goucher              |   3 | 0.628 | 0.801 | 1.276 | 0.842
  907 | Colby-Sawyer         |   3 | 0.628 | 0.827 | 1.318 | 0.792
  908 | Centenary (LA)       |   3 | 0.628 | 0.851 | 1.355 | 0.829
  909 | Westfield St.        |   3 | 0.627 | 0.790 | 1.259 | 0.828
  910 | Manhattanville       |   3 | 0.627 | 0.839 | 1.339 | 0.815
  911 | Thiel                |   3 | 0.626 | 0.791 | 1.264 | 0.814
  912 | Millikin             |   3 | 0.626 | 0.765 | 1.223 | 0.854
  913 | Penn St. Harrisburg  |   3 | 0.626 | 0.749 | 1.195 | 0.845
  914 | Southern Wesleyan    |   2 | 0.625 | 0.875 | 1.400 | 0.889
  915 | Old Westbury         |   3 | 0.624 | 0.754 | 1.210 | 0.800
  916 | Trinity (TX)         |   3 | 0.624 | 0.791 | 1.268 | 0.832
  917 | Montclair St.        |   3 | 0.624 | 0.798 | 1.278 | 0.821
  918 | Merchant Marine      |   3 | 0.623 | 0.786 | 1.261 | 0.836
  919 | Huntingdon           |   3 | 0.623 | 0.843 | 1.352 | 0.838
  920 | Hamline              |   3 | 0.622 | 0.817 | 1.313 | 0.843
  921 | Schreiner            |   3 | 0.621 | 0.784 | 1.263 | 0.838
  922 | Westminster (PA)     |   3 | 0.621 | 0.819 | 1.318 | 0.824
  923 | Dallas               |   3 | 0.621 | 0.769 | 1.239 | 0.819
  924 | Marian (WI)          |   3 | 0.620 | 0.810 | 1.307 | 0.818
  925 | Pitt.-Greensburg     |   3 | 0.620 | 0.898 | 1.449 | 0.810
  926 | Wilkes               |   3 | 0.619 | 0.798 | 1.289 | 0.810
  927 | Farmingdale St.      |   3 | 0.618 | 0.781 | 1.262 | 0.818
  928 | La Verne             |   3 | 0.618 | 0.855 | 1.382 | 0.836
  929 | Transylvania         |   3 | 0.618 | 0.776 | 1.255 | 0.828
  930 | Occidental           |   3 | 0.618 | 0.748 | 1.211 | 0.816
  931 | Wheaton (MA)         |   3 | 0.618 | 0.831 | 1.344 | 0.822
  932 | Rosemont             |   3 | 0.617 | 0.856 | 1.389 | 0.805
  933 | Beloit               |   3 | 0.617 | 0.805 | 1.306 | 0.829
  934 | Mitchell             |   3 | 0.617 | 0.910 | 1.473 | 0.818
  935 | Pine Manor           |   3 | 0.616 | 0.923 | 1.497 | 0.819
  936 | Bridgewater (VA)     |   3 | 0.616 | 0.725 | 1.177 | 0.848
  937 | Pomona-Pitzer        |   3 | 0.616 | 0.752 | 1.221 | 0.834
  938 | Houghton             |   3 | 0.616 | 0.882 | 1.432 | 0.832
  939 | La Roche             |   3 | 0.615 | 0.798 | 1.299 | 0.825
  940 | Cal Lutheran         |   3 | 0.615 | 0.753 | 1.226 | 0.822
  941 | George Fox           |   3 | 0.614 | 0.834 | 1.358 | 0.848
  942 | Clark (MA)           |   3 | 0.614 | 0.756 | 1.230 | 0.835
  943 | Moravian             |   3 | 0.614 | 0.858 | 1.398 | 0.830
  944 | Daniel Webster       |   3 | 0.612 | 0.749 | 1.225 | 0.832
  945 | St. Joseph's (Brkln) |   3 | 0.612 | 0.836 | 1.367 | 0.799
  946 | Saint Mary's (MN)    |   3 | 0.611 | 0.783 | 1.282 | 0.840
  947 | MacMurray            |   3 | 0.610 | 0.834 | 1.368 | 0.812
  948 | DePauw               |   3 | 0.609 | 0.778 | 1.277 | 0.838
  949 | Webster              |   3 | 0.609 | 0.784 | 1.287 | 0.806
  950 | Willamette           |   3 | 0.609 | 0.804 | 1.320 | 0.851
  951 | Greenville           |   3 | 0.609 | 1.179 | 1.936 | 0.820
  952 | Salem Int'l          |   2 | 0.609 | 0.860 | 1.411 | 0.902
  953 | Ozarks (AR)          |   3 | 0.608 | 0.878 | 1.443 | 0.833
  954 | Stevenson            |   3 | 0.608 | 0.767 | 1.261 | 0.833
  955 | Waynesburg           |   3 | 0.607 | 0.767 | 1.264 | 0.823
  956 | Centenary (NJ)       |   3 | 0.606 | 0.807 | 1.331 | 0.799
  957 | Mount Ida            |   3 | 0.606 | 0.811 | 1.339 | 0.787
  958 | St. Scholastica      |   3 | 0.606 | 0.799 | 1.318 | 0.783
  959 | Minn.-Morris         |   3 | 0.605 | 0.850 | 1.405 | 0.793
  960 | King's (PA)          |   3 | 0.604 | 0.788 | 1.304 | 0.828
  961 | Frostburg St.        |   3 | 0.603 | 0.780 | 1.294 | 0.843
  962 | Salve Regina         |   3 | 0.603 | 0.792 | 1.313 | 0.815
  963 | Pitt.-Bradford       |   3 | 0.602 | 0.784 | 1.303 | 0.821
  964 | Southern Va.         |   3 | 0.602 | 0.823 | 1.367 | 0.847
  965 | Mt. St. Vincent      |   3 | 0.602 | 0.808 | 1.341 | 0.806
  966 | Coast Guard          |   3 | 0.602 | 0.858 | 1.426 | 0.826
  967 | Thomas (ME)          |   3 | 0.601 | 0.817 | 1.359 | 0.786
  968 | Morrisville St.      |   3 | 0.601 | 0.809 | 1.347 | 0.797
  969 | Purchase             |   3 | 0.600 | 0.732 | 1.220 | 0.809
  970 | Otterbein            |   3 | 0.599 | 0.784 | 1.309 | 0.855
  971 | Messiah              |   3 | 0.598 | 0.728 | 1.218 | 0.828
  972 | U New England        |   3 | 0.597 | 0.788 | 1.319 | 0.821
  973 | Notre Dame de Namur  |   2 | 0.597 | 0.691 | 1.157 | 0.919
  974 | Shenandoah           |   3 | 0.596 | 0.763 | 1.280 | 0.836
  975 | UMass Boston         |   3 | 0.595 | 0.756 | 1.271 | 0.842
  976 | Me.-Presque Isle     |   3 | 0.592 | 0.705 | 1.190 | 0.807
  977 | Spalding             |   3 | 0.592 | 0.713 | 1.203 | 0.813
  978 | D'Youville           |   3 | 0.591 | 0.845 | 1.430 | 0.814
  979 | Westminster (MO)     |   3 | 0.591 | 0.731 | 1.238 | 0.827
  980 | Kalamazoo            |   3 | 0.591 | 0.842 | 1.425 | 0.857
  981 | Western New Eng.     |   3 | 0.590 | 0.768 | 1.302 | 0.827
  982 | FDU-Florham          |   3 | 0.590 | 0.781 | 1.325 | 0.841
  983 | York (NY)            |   3 | 0.588 | 0.736 | 1.250 | 0.819
  984 | Luther               |   3 | 0.588 | 0.730 | 1.242 | 0.837
  985 | Allegheny            |   3 | 0.585 | 0.729 | 1.245 | 0.849
  986 | Franklin             |   3 | 0.584 | 0.831 | 1.422 | 0.830
  987 | Medgar Evers         |   3 | 0.584 | 0.853 | 1.462 | 0.823
  988 | Wis.-Superior        |   3 | 0.584 | 0.777 | 1.331 | 0.806
  989 | Rust                 |   3 | 0.583 | 0.827 | 1.418 | 0.828
  990 | Cairn                |   3 | 0.583 | 0.781 | 1.338 | 0.807
  991 | Penn St.-Berks       |   3 | 0.582 | 0.904 | 1.553 | 0.810
  992 | Hendrix              |   3 | 0.582 | 0.773 | 1.328 | 0.823
  993 | Emmanuel (MA)        |   3 | 0.582 | 0.778 | 1.336 | 0.820
  994 | UC Santa Cruz        |   3 | 0.582 | 0.723 | 1.242 | 0.823
  995 | Fredonia             |   3 | 0.582 | 0.746 | 1.283 | 0.841
  996 | Cornell College      |   3 | 0.581 | 0.730 | 1.257 | 0.818
  997 | Medaille             |   3 | 0.581 | 0.802 | 1.380 | 0.809
  998 | SUNY Poly            |   3 | 0.580 | 0.735 | 1.266 | 0.796
  999 | St. Joseph's (L.I.)  |   3 | 0.580 | 0.768 | 1.324 | 0.798
 1000 | Dominican (IL)       |   3 | 0.578 | 0.827 | 1.432 | 0.814
 1001 | Caltech              |   3 | 0.577 | 0.708 | 1.227 | 0.828
 1002 | Cazenovia            |   3 | 0.576 | 0.831 | 1.442 | 0.803
 1003 | Fontbonne            |   3 | 0.576 | 0.778 | 1.350 | 0.820
 1004 | Olivet               |   3 | 0.574 | 0.779 | 1.356 | 0.871
 1005 | Alfred St.           |   3 | 0.573 | 0.787 | 1.373 | 0.798
 1006 | Wis.-Stout           |   3 | 0.572 | 0.713 | 1.247 | 0.844
 1007 | North Central (MN)   |   3 | 0.570 | 0.826 | 1.450 | 0.787
 1008 | SUNY New Paltz       |   3 | 0.570 | 0.754 | 1.322 | 0.836
 1009 | Keystone             |   3 | 0.569 | 0.795 | 1.396 | 0.820
 1010 | Washington Col.      |   3 | 0.569 | 0.744 | 1.306 | 0.834
 1011 | Hunter               |   3 | 0.568 | 0.832 | 1.465 | 0.820
 1012 | Lyndon St.           |   3 | 0.565 | 0.757 | 1.341 | 0.801
 1013 | McMurry              |   3 | 0.564 | 0.772 | 1.369 | 0.846
 1014 | Penn St.-Altoona     |   3 | 0.563 | 0.760 | 1.351 | 0.809
 1015 | Immaculata           |   3 | 0.563 | 0.743 | 1.319 | 0.799
 1016 | Wheelock             |   3 | 0.563 | 0.799 | 1.420 | 0.824
 1017 | Elmira               |   3 | 0.563 | 0.731 | 1.298 | 0.829
 1018 | Eureka               |   3 | 0.561 | 0.839 | 1.495 | 0.823
 1019 | Mount Aloysius       |   3 | 0.560 | 0.810 | 1.445 | 0.807
 1020 | Mt. St. Mary (NY)    |   3 | 0.559 | 0.733 | 1.311 | 0.801
 1021 | Keuka                |   3 | 0.557 | 0.725 | 1.300 | 0.800
 1022 | Concordia Chicago    |   3 | 0.557 | 0.853 | 1.532 | 0.832
 1023 | Illinois Col.        |   3 | 0.556 | 0.769 | 1.382 | 0.813
 1024 | SUNY Maritime        |   3 | 0.552 | 0.741 | 1.343 | 0.802
 1025 | Utica                |   3 | 0.552 | 0.758 | 1.374 | 0.831
 1026 | Macalester           |   3 | 0.549 | 0.708 | 1.289 | 0.832
 1027 | Elizabethtown        |   3 | 0.549 | 0.705 | 1.285 | 0.833
 1028 | Lesley               |   3 | 0.547 | 0.755 | 1.379 | 0.816
 1029 | Framingham St.       |   3 | 0.547 | 0.632 | 1.155 | 0.831
 1030 | Haverford            |   3 | 0.546 | 0.692 | 1.266 | 0.827
 1031 | Wells                |   3 | 0.543 | 0.746 | 1.372 | 0.804
 1032 | Principia            |   3 | 0.542 | 0.766 | 1.413 | 0.805
 1033 | Earlham              |   3 | 0.542 | 0.726 | 1.340 | 0.825
 1034 | Valley Forge         |   3 | 0.541 | 0.719 | 1.330 | 0.834
 1035 | Rutgers-Camden       |   3 | 0.541 | 0.701 | 1.297 | 0.828
 1036 | Castleton            |   3 | 0.541 | 0.714 | 1.321 | 0.808
 1037 | Kean                 |   3 | 0.540 | 0.729 | 1.349 | 0.847
 1038 | SUNY Potsdam         |   3 | 0.539 | 0.749 | 1.389 | 0.837
 1039 | MCLA                 |   3 | 0.538 | 0.797 | 1.481 | 0.830
 1040 | John Jay             |   3 | 0.536 | 0.722 | 1.345 | 0.827
 1041 | Northland            |   3 | 0.534 | 0.687 | 1.287 | 0.807
 1042 | Knox                 |   3 | 0.534 | 0.745 | 1.394 | 0.816
 1043 | Maine Maritime       |   3 | 0.534 | 0.687 | 1.286 | 0.799
 1044 | Norwich              |   3 | 0.534 | 0.682 | 1.279 | 0.809
 1045 | St. Joseph's (ME)    |   3 | 0.532 | 0.674 | 1.266 | 0.819
 1046 | New England Col.     |   3 | 0.532 | 0.806 | 1.515 | 0.780
 1047 | Marywood             |   3 | 0.532 | 0.704 | 1.325 | 0.813
 1048 | Chatham              |   3 | 0.531 | 0.736 | 1.386 | 0.810
 1049 | Rivier               |   3 | 0.526 | 0.698 | 1.326 | 0.818
 1050 | Finlandia            |   3 | 0.526 | 0.748 | 1.422 | 0.801
 1051 | Curry                |   3 | 0.525 | 0.746 | 1.421 | 0.838
 1052 | Edgewood             |   3 | 0.525 | 0.714 | 1.360 | 0.837
 1053 | Newbury              |   3 | 0.524 | 0.756 | 1.442 | 0.823
 1054 | Suffolk              |   3 | 0.523 | 0.672 | 1.285 | 0.808
 1055 | Cobleskill St.       |   3 | 0.521 | 0.704 | 1.351 | 0.804
 1056 | Millsaps             |   3 | 0.520 | 0.684 | 1.316 | 0.845
 1057 | Bethany Lutheran     |   3 | 0.519 | 0.746 | 1.437 | 0.798
 1058 | Penn St.-Abington    |   3 | 0.519 | 0.736 | 1.417 | 0.810
 1059 | Wilson               |   3 | 0.517 | 0.758 | 1.465 | 0.793
 1060 | Geneva               |   3 | 0.512 | 0.751 | 1.465 | 0.831
 1061 | Penn College         |   3 | 0.510 | 0.742 | 1.455 | 0.800
 1062 | Sarah Lawrence       |   3 | 0.509 | 0.699 | 1.374 | 0.802
 1063 | Johnson St.          |   3 | 0.508 | 0.746 | 1.469 | 0.804
 1064 | Wash. & Jeff.        |   3 | 0.498 | 0.677 | 1.360 | 0.812
 1065 | Maranatha Baptist    |   3 | 0.491 | 0.653 | 1.330 | 0.793
 1066 | Martin Luther        |   3 | 0.486 | 0.755 | 1.555 | 0.788
 1067 | Crown (MN)           |   3 | 0.483 | 0.748 | 1.549 | 0.803
 1068 | Franciscan           |   3 | 0.478 | 0.690 | 1.443 | 0.806
 1069 | Me.-Farmington       |   3 | 0.475 | 0.661 | 1.392 | 0.797
 1070 | Summit               |   3 | 0.469 | 0.690 | 1.472 | 0.816
(1070 rows)

COPY 1070
COMMIT
