BEGIN
CREATE TABLE
INSERT 0 1019
  rk  |        school        | div |  str  |  ofs  |  dfs  |  sos  
------+----------------------+-----+-------+-------+-------+-------
    1 | Kentucky             |   1 | 1.509 | 1.137 | 0.753 | 1.046
    2 | Virginia             |   1 | 1.440 | 1.054 | 0.732 | 1.041
    3 | Wisconsin            |   1 | 1.412 | 1.142 | 0.809 | 1.042
    4 | Arizona              |   1 | 1.366 | 1.177 | 0.862 | 1.031
    5 | Utah                 |   1 | 1.363 | 1.121 | 0.822 | 1.032
    6 | Gonzaga              |   1 | 1.358 | 1.189 | 0.875 | 1.015
    7 | Duke                 |   1 | 1.342 | 1.271 | 0.947 | 1.049
    8 | Ohio St.             |   1 | 1.336 | 1.188 | 0.889 | 1.030
    9 | Villanova            |   1 | 1.336 | 1.160 | 0.868 | 1.040
   10 | Oklahoma             |   1 | 1.334 | 1.164 | 0.872 | 1.058
   11 | Iowa St.             |   1 | 1.307 | 1.264 | 0.967 | 1.047
   12 | Kansas               |   1 | 1.305 | 1.183 | 0.906 | 1.076
   13 | Baylor               |   1 | 1.293 | 1.105 | 0.854 | 1.056
   14 | North Carolina       |   1 | 1.290 | 1.260 | 0.977 | 1.064
   15 | Louisville           |   1 | 1.289 | 1.071 | 0.831 | 1.043
   16 | Texas                |   1 | 1.271 | 1.082 | 0.851 | 1.047
   17 | Wichita St.          |   1 | 1.270 | 1.092 | 0.860 | 1.008
   18 | Butler               |   1 | 1.261 | 1.097 | 0.870 | 1.040
   19 | Michigan St.         |   1 | 1.244 | 1.123 | 0.902 | 1.033
   20 | Notre Dame           |   1 | 1.238 | 1.190 | 0.961 | 1.021
   21 | Xavier               |   1 | 1.237 | 1.177 | 0.952 | 1.043
   22 | West Virginia        |   1 | 1.235 | 1.141 | 0.924 | 1.044
   23 | Georgetown           |   1 | 1.235 | 1.109 | 0.898 | 1.055
   24 | Purdue               |   1 | 1.229 | 1.067 | 0.868 | 1.033
   25 | Iowa                 |   1 | 1.223 | 1.092 | 0.893 | 1.049
   26 | Oklahoma St.         |   1 | 1.222 | 1.066 | 0.872 | 1.058
   27 | San Diego St.        |   1 | 1.221 | 0.944 | 0.773 | 1.027
   28 | Florida              |   1 | 1.216 | 1.028 | 0.845 | 1.051
   29 | VCU                  |   1 | 1.209 | 1.150 | 0.951 | 1.032
   30 | Boise St.            |   1 | 1.203 | 1.069 | 0.889 | 1.008
   31 | Arkansas             |   1 | 1.203 | 1.201 | 0.998 | 1.025
   32 | North Carolina St.   |   1 | 1.200 | 1.131 | 0.943 | 1.053
   33 | Syracuse             |   1 | 1.197 | 1.080 | 0.902 | 1.031
   34 | SMU                  |   1 | 1.194 | 1.058 | 0.886 | 1.012
   35 | UNI                  |   1 | 1.194 | 1.008 | 0.844 | 1.006
   36 | Davidson             |   1 | 1.183 | 1.209 | 1.022 | 1.009
   37 | Minnesota            |   1 | 1.181 | 1.131 | 0.958 | 1.029
   38 | BYU                  |   1 | 1.180 | 1.238 | 1.049 | 1.019
   39 | Illinois             |   1 | 1.180 | 1.087 | 0.921 | 1.034
   40 | Maryland             |   1 | 1.179 | 1.086 | 0.921 | 1.043
   41 | TCU                  |   1 | 1.174 | 1.039 | 0.885 | 1.021
   42 | Georgia              |   1 | 1.173 | 1.084 | 0.924 | 1.046
   43 | Providence           |   1 | 1.170 | 1.089 | 0.930 | 1.049
   44 | Dayton               |   1 | 1.169 | 1.044 | 0.894 | 1.013
   45 | Ole Miss             |   1 | 1.168 | 1.134 | 0.971 | 1.034
   46 | Indiana              |   1 | 1.166 | 1.198 | 1.028 | 1.038
   47 | Stanford             |   1 | 1.163 | 1.108 | 0.953 | 1.032
   48 | LSU                  |   1 | 1.162 | 1.167 | 1.005 | 1.026
   49 | Arizona St.          |   1 | 1.158 | 1.086 | 0.938 | 1.034
   50 | Vanderbilt           |   1 | 1.157 | 1.077 | 0.931 | 1.037
   51 | Miami (FL)           |   1 | 1.155 | 1.063 | 0.921 | 1.035
   52 | Colorado St.         |   1 | 1.151 | 1.127 | 0.979 | 1.012
   53 | St. John's (NY)      |   1 | 1.150 | 1.080 | 0.939 | 1.041
   54 | Stephen F. Austin    |   1 | 1.150 | 1.087 | 0.946 | 0.977
   55 | Cincinnati           |   1 | 1.149 | 0.963 | 0.837 | 1.024
   56 | Rhode Island         |   1 | 1.146 | 1.021 | 0.891 | 1.001
   57 | Texas A&M            |   1 | 1.144 | 1.052 | 0.919 | 1.035
   58 | South Carolina       |   1 | 1.143 | 1.028 | 0.899 | 1.047
   59 | UCLA                 |   1 | 1.141 | 1.117 | 0.979 | 1.043
   60 | Alabama              |   1 | 1.139 | 1.018 | 0.894 | 1.035
   61 | Old Dominion         |   1 | 1.135 | 0.982 | 0.865 | 0.999
   62 | Murray St.           |   1 | 1.134 | 1.163 | 1.026 | 0.980
   63 | Richmond             |   1 | 1.130 | 1.004 | 0.888 | 1.022
   64 | Seton Hall           |   1 | 1.129 | 1.060 | 0.939 | 1.040
   65 | Temple               |   1 | 1.129 | 1.016 | 0.900 | 1.016
   66 | Memphis              |   1 | 1.129 | 1.039 | 0.921 | 1.012
   67 | Harvard              |   1 | 1.126 | 0.978 | 0.868 | 0.996
   68 | Sam Houston St.      |   1 | 1.124 | 1.011 | 0.899 | 0.967
   69 | Penn St.             |   1 | 1.123 | 1.025 | 0.912 | 1.033
   70 | Louisiana Tech       |   1 | 1.121 | 1.079 | 0.963 | 0.984
   71 | Buffalo              |   1 | 1.120 | 1.132 | 1.011 | 1.010
   72 | UConn                |   1 | 1.118 | 0.997 | 0.891 | 1.021
   73 | Illinois St.         |   1 | 1.114 | 1.034 | 0.928 | 1.011
   74 | Pittsburgh           |   1 | 1.113 | 1.039 | 0.934 | 1.035
   75 | Oregon               |   1 | 1.109 | 1.125 | 1.014 | 1.029
   76 | St. Mary's (CA)      |   1 | 1.107 | 1.052 | 0.951 | 1.013
   77 | UTEP                 |   1 | 1.106 | 1.027 | 0.929 | 1.004
   78 | South Dakota St.     |   1 | 1.103 | 1.069 | 0.969 | 0.976
   79 | Kansas St.           |   1 | 1.103 | 0.994 | 0.901 | 1.051
   80 | Georgia St.          |   1 | 1.099 | 1.033 | 0.940 | 0.989
   81 | Georgia Tech         |   1 | 1.098 | 0.994 | 0.905 | 1.043
   82 | Clemson              |   1 | 1.097 | 0.953 | 0.868 | 1.034
   83 | Central Mich.        |   1 | 1.097 | 1.101 | 1.004 | 0.986
   84 | Wake Forest          |   1 | 1.097 | 1.105 | 1.008 | 1.042
   85 | Toledo               |   1 | 1.096 | 1.116 | 1.018 | 1.004
   86 | Iona                 |   1 | 1.092 | 1.199 | 1.098 | 0.990
   87 | Tennessee            |   1 | 1.090 | 0.984 | 0.903 | 1.040
   88 | UNLV                 |   1 | 1.088 | 1.054 | 0.969 | 1.030
   89 | Oregon St.           |   1 | 1.088 | 0.890 | 0.818 | 1.018
   90 | Michigan             |   1 | 1.088 | 0.987 | 0.908 | 1.050
   91 | Green Bay            |   1 | 1.084 | 1.018 | 0.939 | 0.990
   92 | La Salle             |   1 | 1.084 | 1.003 | 0.925 | 1.026
   93 | Yale                 |   1 | 1.084 | 1.040 | 0.959 | 0.980
   94 | Marquette            |   1 | 1.083 | 0.999 | 0.922 | 1.046
   95 | Tulsa                |   1 | 1.082 | 0.996 | 0.920 | 1.005
   96 | Nebraska             |   1 | 1.081 | 0.964 | 0.892 | 1.037
   97 | George Washington    |   1 | 1.081 | 1.005 | 0.930 | 1.015
   98 | Colorado             |   1 | 1.081 | 1.001 | 0.926 | 1.036
   99 | Northwestern         |   1 | 1.079 | 1.000 | 0.927 | 1.038
  100 | Florida St.          |   1 | 1.077 | 1.039 | 0.965 | 1.028
  101 | New Mexico           |   1 | 1.070 | 0.959 | 0.895 | 1.008
  102 | Vermont              |   1 | 1.070 | 0.966 | 0.903 | 0.968
  103 | Washington           |   1 | 1.069 | 1.042 | 0.975 | 1.020
  104 | Bowling Green        |   1 | 1.069 | 0.969 | 0.906 | 0.990
  105 | New Mexico St.       |   1 | 1.069 | 1.019 | 0.953 | 0.983
  106 | William & Mary       |   1 | 1.068 | 1.072 | 1.004 | 0.985
  107 | DePaul               |   1 | 1.066 | 1.118 | 1.049 | 1.036
  108 | Wyoming              |   1 | 1.065 | 0.927 | 0.870 | 0.985
  109 | Wofford              |   1 | 1.065 | 0.923 | 0.866 | 0.989
  110 | Hofstra              |   1 | 1.061 | 1.137 | 1.072 | 0.973
  111 | Valparaiso           |   1 | 1.061 | 0.994 | 0.937 | 0.982
  112 | San Diego            |   1 | 1.061 | 0.970 | 0.914 | 1.014
  113 | Akron                |   1 | 1.060 | 1.027 | 0.969 | 0.999
  114 | Massachusetts        |   1 | 1.059 | 1.050 | 0.992 | 1.028
  115 | Boston College       |   1 | 1.059 | 1.025 | 0.967 | 1.044
  116 | UC Irvine            |   1 | 1.059 | 1.013 | 0.957 | 0.989
  117 | Utah St.             |   1 | 1.057 | 0.999 | 0.945 | 1.000
  118 | Creighton            |   1 | 1.057 | 1.033 | 0.978 | 1.035
  119 | Portland             |   1 | 1.055 | 1.076 | 1.020 | 1.001
  120 | Eastern Ky.          |   1 | 1.051 | 1.030 | 0.981 | 0.982
  121 | Pepperdine           |   1 | 1.050 | 0.966 | 0.920 | 1.007
  122 | UC Davis             |   1 | 1.047 | 1.068 | 1.019 | 0.974
  123 | Kent St.             |   1 | 1.046 | 0.969 | 0.926 | 0.996
  124 | San Francisco        |   1 | 1.046 | 1.054 | 1.008 | 1.011
  125 | Ga. Southern         |   1 | 1.038 | 0.987 | 0.951 | 0.975
  126 | Cleveland St.        |   1 | 1.037 | 0.970 | 0.936 | 0.992
  127 | Angelo St.           |   2 | 1.037 | 1.073 | 1.034 | 0.895
  128 | UC Santa Barbara     |   1 | 1.037 | 1.027 | 0.990 | 1.010
  129 | Charlotte            |   1 | 1.036 | 1.106 | 1.068 | 1.008
  130 | St. Bonaventure      |   1 | 1.036 | 1.009 | 0.974 | 1.011
  131 | Eastern Mich.        |   1 | 1.036 | 0.988 | 0.954 | 1.001
  132 | California           |   1 | 1.033 | 0.992 | 0.960 | 1.027
  133 | Texas Tech           |   1 | 1.033 | 0.920 | 0.890 | 1.037
  134 | Auburn               |   1 | 1.033 | 1.068 | 1.034 | 1.033
  135 | Stony Brook          |   1 | 1.031 | 0.972 | 0.943 | 0.978
  136 | Rider                |   1 | 1.031 | 0.989 | 0.959 | 0.988
  137 | Long Beach St.       |   1 | 1.029 | 1.015 | 0.987 | 1.031
  138 | Columbia             |   1 | 1.029 | 0.944 | 0.917 | 1.002
  139 | Evansville           |   1 | 1.027 | 1.032 | 1.005 | 0.987
  140 | Eastern Wash.        |   1 | 1.027 | 1.125 | 1.095 | 0.983
  141 | N.C. Central         |   1 | 1.027 | 0.927 | 0.902 | 0.960
  142 | Albany (NY)          |   1 | 1.025 | 0.965 | 0.942 | 0.974
  143 | Northeastern         |   1 | 1.025 | 1.012 | 0.987 | 0.995
  144 | Western Mich.        |   1 | 1.025 | 1.071 | 1.045 | 1.000
  145 | UAB                  |   1 | 1.025 | 1.034 | 1.009 | 1.012
  146 | Western Ky.          |   1 | 1.024 | 1.063 | 1.039 | 1.002
  147 | Southern California  |   1 | 1.023 | 1.049 | 1.025 | 1.028
  148 | Canisius             |   1 | 1.021 | 0.945 | 0.926 | 0.991
  149 | La.-Monroe           |   1 | 1.015 | 0.923 | 0.909 | 0.984
  150 | Coastal Caro.        |   1 | 1.013 | 0.992 | 0.979 | 0.970
  151 | Hawaii               |   1 | 1.011 | 1.030 | 1.018 | 0.989
  152 | Middle Tenn.         |   1 | 1.009 | 0.940 | 0.931 | 0.994
  153 | Indianapolis         |   2 | 1.009 | 1.041 | 1.031 | 0.913
  154 | High Point           |   1 | 1.008 | 1.011 | 1.003 | 0.969
  155 | Texas-Arlington      |   1 | 1.004 | 1.060 | 1.056 | 0.989
  156 | Princeton            |   1 | 1.004 | 1.016 | 1.012 | 0.983
  157 | Montana              |   1 | 1.002 | 0.988 | 0.986 | 0.982
  158 | La.-Lafayette        |   1 | 1.002 | 1.115 | 1.113 | 0.978
  159 | Quinnipiac           |   1 | 1.001 | 1.029 | 1.028 | 0.987
  160 | Mercer               |   1 | 1.000 | 0.954 | 0.954 | 0.978
  161 | New Hampshire        |   1 | 1.000 | 0.970 | 0.970 | 0.955
  162 | North Florida        |   1 | 0.999 | 1.069 | 1.070 | 0.973
  163 | Saint Joseph's       |   1 | 0.999 | 0.949 | 0.950 | 1.013
  164 | Virginia Tech        |   1 | 0.999 | 1.003 | 1.004 | 1.022
  165 | Wis.-Parkside        |   2 | 0.999 | 0.957 | 0.959 | 0.914
  166 | Indiana St.          |   1 | 0.998 | 1.032 | 1.035 | 1.006
  167 | Cal Poly             |   1 | 0.996 | 0.917 | 0.920 | 0.997
  168 | Mississippi St.      |   1 | 0.995 | 0.947 | 0.952 | 1.014
  169 | Cornell              |   1 | 0.993 | 0.951 | 0.958 | 0.997
  170 | Tulane               |   1 | 0.992 | 0.963 | 0.970 | 0.999
  171 | St. Francis Brooklyn |   1 | 0.991 | 1.004 | 1.013 | 0.961
  172 | Belmont              |   1 | 0.990 | 1.058 | 1.069 | 0.984
  173 | Chattanooga          |   1 | 0.990 | 1.021 | 1.031 | 0.986
  174 | UT Martin            |   1 | 0.989 | 0.990 | 1.001 | 0.981
  175 | FGCU                 |   1 | 0.988 | 0.964 | 0.976 | 0.973
  176 | Rutgers              |   1 | 0.988 | 0.940 | 0.951 | 1.045
  177 | USC Upstate          |   1 | 0.988 | 0.982 | 0.994 | 0.956
  178 | Morehead St.         |   1 | 0.987 | 0.981 | 0.994 | 0.990
  179 | Oakland              |   1 | 0.987 | 1.101 | 1.115 | 1.007
  180 | Washington St.       |   1 | 0.987 | 1.081 | 1.095 | 1.029
  181 | Air Force            |   1 | 0.986 | 0.982 | 0.996 | 0.989
  182 | UNCW                 |   1 | 0.985 | 1.016 | 1.032 | 0.995
  183 | Dartmouth            |   1 | 0.985 | 0.946 | 0.961 | 0.990
  184 | Loyola Chicago       |   1 | 0.985 | 0.921 | 0.935 | 1.000
  185 | George Mason         |   1 | 0.985 | 0.987 | 1.002 | 1.024
  186 | Colgate              |   1 | 0.984 | 0.957 | 0.973 | 0.980
  187 | Minn. St. Moorhead   |   2 | 0.984 | 1.060 | 1.077 | 0.908
  188 | Manhattan            |   1 | 0.983 | 1.046 | 1.064 | 0.986
  189 | Monmouth             |   1 | 0.983 | 0.952 | 0.969 | 0.984
  190 | Bellarmine           |   2 | 0.982 | 1.036 | 1.055 | 0.922
  191 | Saint Peter's        |   1 | 0.982 | 0.912 | 0.928 | 0.985
  192 | James Madison        |   1 | 0.980 | 0.999 | 1.019 | 0.995
  193 | Winthrop             |   1 | 0.979 | 1.037 | 1.059 | 0.963
  194 | Missouri             |   1 | 0.978 | 0.953 | 0.975 | 1.051
  195 | Fresno St.           |   1 | 0.977 | 1.019 | 1.043 | 1.004
  196 | Radford              |   1 | 0.976 | 1.013 | 1.038 | 0.976
  197 | UTSA                 |   1 | 0.976 | 1.046 | 1.072 | 0.984
  198 | Incarnate Word       |   1 | 0.973 | 1.137 | 1.169 | 0.964
  199 | Metro St.            |   2 | 0.972 | 0.924 | 0.951 | 0.901
  200 | North Dakota St.     |   1 | 0.971 | 0.956 | 0.985 | 0.961
  201 | Northern Ill.        |   1 | 0.971 | 0.945 | 0.974 | 1.000
  202 | Lehigh               |   1 | 0.969 | 0.990 | 1.022 | 0.986
  203 | Oral Roberts         |   1 | 0.968 | 1.032 | 1.067 | 0.990
  204 | East Tenn. St.       |   1 | 0.967 | 1.049 | 1.084 | 0.982
  205 | Northwestern St.     |   1 | 0.967 | 1.192 | 1.233 | 0.980
  206 | Norfolk St.          |   1 | 0.965 | 0.997 | 1.034 | 0.975
  207 | Bucknell             |   1 | 0.965 | 0.999 | 1.035 | 0.984
  208 | Fordham              |   1 | 0.965 | 1.004 | 1.041 | 1.010
  209 | Detroit              |   1 | 0.964 | 1.031 | 1.070 | 1.002
  210 | Northern Ariz.       |   1 | 0.963 | 0.996 | 1.035 | 0.981
  211 | Lafayette            |   1 | 0.962 | 1.070 | 1.112 | 0.977
  212 | Loyola Marymount     |   1 | 0.961 | 0.979 | 1.019 | 1.035
  213 | Boston U.            |   1 | 0.961 | 1.032 | 1.074 | 0.982
  214 | NJIT                 |   1 | 0.961 | 0.998 | 1.038 | 0.973
  215 | Charleston So.       |   1 | 0.961 | 1.012 | 1.053 | 0.974
  216 | Texas St.            |   1 | 0.960 | 0.866 | 0.902 | 0.980
  217 | Santa Clara          |   1 | 0.960 | 0.943 | 0.982 | 1.026
  218 | IPFW                 |   1 | 0.957 | 0.996 | 1.041 | 0.982
  219 | Augustana (SD)       |   2 | 0.956 | 1.110 | 1.160 | 0.911
  220 | East Carolina        |   1 | 0.955 | 0.947 | 0.991 | 1.001
  221 | Fla. Southern        |   2 | 0.954 | 1.159 | 1.215 | 0.910
  222 | Idaho                |   1 | 0.954 | 1.087 | 1.139 | 0.982
  223 | Miami (OH)           |   1 | 0.953 | 0.991 | 1.040 | 0.996
  224 | Duquesne             |   1 | 0.953 | 1.061 | 1.113 | 1.004
  225 | Ball St.             |   1 | 0.953 | 0.984 | 1.033 | 1.002
  226 | Missouri St.         |   1 | 0.953 | 0.903 | 0.948 | 1.012
  227 | Southeast Mo. St.    |   1 | 0.952 | 0.993 | 1.043 | 0.986
  228 | Brown                |   1 | 0.952 | 0.998 | 1.049 | 0.982
  229 | Western Caro.        |   1 | 0.951 | 1.016 | 1.068 | 0.988
  230 | Eastern Ill.         |   1 | 0.948 | 0.921 | 0.971 | 0.979
  231 | American             |   1 | 0.948 | 0.847 | 0.894 | 0.986
  232 | Sacramento St.       |   1 | 0.948 | 0.985 | 1.039 | 0.973
  233 | Southern Ill.        |   1 | 0.947 | 0.923 | 0.975 | 0.994
  234 | UMES                 |   1 | 0.947 | 0.989 | 1.044 | 0.969
  235 | Saint Louis          |   1 | 0.946 | 0.925 | 0.978 | 1.010
  236 | UNC Asheville        |   1 | 0.946 | 1.007 | 1.065 | 0.972
  237 | Gardner-Webb         |   1 | 0.946 | 1.080 | 1.141 | 0.989
  238 | Tarleton St.         |   2 | 0.944 | 0.967 | 1.025 | 0.921
  239 | Denver               |   1 | 0.943 | 0.911 | 0.966 | 0.989
  240 | Bryant               |   1 | 0.942 | 0.967 | 1.026 | 0.982
  241 | Bradley              |   1 | 0.942 | 0.891 | 0.946 | 0.997
  242 | Northern Colo.       |   1 | 0.941 | 1.057 | 1.123 | 0.969
  243 | Texas Southern       |   1 | 0.939 | 0.960 | 1.022 | 0.979
  244 | Ohio                 |   1 | 0.939 | 0.992 | 1.057 | 1.002
  245 | Bakersfield          |   1 | 0.938 | 0.912 | 0.973 | 0.963
  246 | Southern N.H.        |   2 | 0.937 | 0.965 | 1.030 | 0.919
  247 | Robert Morris        |   1 | 0.937 | 0.960 | 1.024 | 0.983
  248 | Saint Francis (PA)   |   1 | 0.937 | 0.930 | 0.993 | 0.969
  249 | Lake Superior St.    |   2 | 0.937 | 0.964 | 1.029 | 0.916
  250 | South Dakota         |   1 | 0.936 | 0.988 | 1.056 | 0.979
  251 | Tennessee Tech       |   1 | 0.936 | 1.004 | 1.072 | 0.980
  252 | Lewis                |   2 | 0.936 | 0.996 | 1.064 | 0.920
  253 | Wright St.           |   1 | 0.934 | 0.956 | 1.023 | 0.997
  254 | Army                 |   1 | 0.934 | 1.061 | 1.136 | 0.965
  255 | Southern Conn. St.   |   2 | 0.932 | 1.158 | 1.241 | 0.911
  256 | North Texas          |   1 | 0.931 | 0.938 | 1.007 | 0.996
  257 | Rice                 |   1 | 0.931 | 0.918 | 0.986 | 0.994
  258 | Mt. St. Mary's       |   1 | 0.931 | 0.904 | 0.972 | 0.983
  259 | LIU Brooklyn         |   1 | 0.930 | 1.002 | 1.077 | 0.975
  260 | SIUE                 |   1 | 0.930 | 0.945 | 1.016 | 0.980
  261 | Grand Canyon         |   1 | 0.929 | 0.991 | 1.067 | 0.974
  262 | UALR                 |   1 | 0.928 | 1.025 | 1.104 | 0.983
  263 | Nevada               |   1 | 0.928 | 0.937 | 1.009 | 1.004
  264 | UC Riverside         |   1 | 0.926 | 0.958 | 1.035 | 0.992
  265 | Fla. Atlantic        |   1 | 0.925 | 0.924 | 0.999 | 0.993
  266 | Midwestern St.       |   2 | 0.925 | 0.930 | 1.005 | 0.924
  267 | Indiana (PA)         |   2 | 0.925 | 0.958 | 1.036 | 0.899
  268 | St. Anselm           |   2 | 0.924 | 1.100 | 1.191 | 0.924
  269 | UCF                  |   1 | 0.924 | 0.995 | 1.077 | 1.002
  270 | Towson               |   1 | 0.924 | 0.927 | 1.004 | 0.972
  271 | Houston              |   1 | 0.923 | 0.953 | 1.032 | 0.993
  272 | Ky. Wesleyan         |   2 | 0.923 | 0.939 | 1.017 | 0.888
  273 | Pacific              |   1 | 0.923 | 0.940 | 1.018 | 1.006
  274 | Holy Cross           |   1 | 0.922 | 0.947 | 1.027 | 0.985
  275 | FIU                  |   1 | 0.922 | 0.924 | 1.002 | 0.984
  276 | Colorado Mines       |   2 | 0.921 | 0.984 | 1.068 | 0.899
  277 | West Liberty         |   2 | 0.921 | 1.187 | 1.288 | 0.898
  278 | South Fla.           |   1 | 0.921 | 0.951 | 1.033 | 1.017
  279 | Hartford             |   1 | 0.919 | 0.929 | 1.011 | 0.970
  280 | A&M-Corpus Christi   |   1 | 0.917 | 0.927 | 1.011 | 0.973
  281 | Drexel               |   1 | 0.917 | 0.865 | 0.944 | 0.997
  282 | Howard               |   1 | 0.917 | 0.893 | 0.974 | 0.948
  283 | Southeastern La.     |   1 | 0.917 | 0.969 | 1.057 | 0.988
  284 | Siena                |   1 | 0.916 | 1.046 | 1.142 | 0.989
  285 | Milwaukee            |   1 | 0.916 | 0.959 | 1.047 | 1.000
  286 | Sacred Heart         |   1 | 0.915 | 1.034 | 1.130 | 0.970
  287 | Omaha                |   1 | 0.913 | 1.104 | 1.208 | 0.974
  288 | VMI                  |   1 | 0.912 | 1.119 | 1.227 | 0.982
  289 | Elon                 |   1 | 0.912 | 0.987 | 1.082 | 0.986
  290 | Northern Ky.         |   1 | 0.911 | 0.947 | 1.039 | 0.985
  291 | Col. of Charleston   |   1 | 0.910 | 0.871 | 0.957 | 0.995
  292 | Minn. St. Mankato    |   2 | 0.910 | 1.047 | 1.150 | 0.905
  293 | IUPUI                |   1 | 0.908 | 0.904 | 0.996 | 0.998
  294 | UMKC                 |   1 | 0.908 | 0.944 | 1.040 | 0.977
  295 | BYU-Hawaii           |   2 | 0.907 | 1.102 | 1.215 | 0.890
  296 | Youngstown St.       |   1 | 0.906 | 1.030 | 1.137 | 0.976
  297 | Cal St. Fullerton    |   1 | 0.906 | 0.963 | 1.063 | 0.979
  298 | Seattle              |   1 | 0.906 | 0.897 | 0.990 | 0.965
  299 | Weber St.            |   1 | 0.906 | 0.923 | 1.019 | 0.989
  300 | Cal Poly Pomona      |   2 | 0.905 | 0.869 | 0.960 | 0.886
  301 | Alabama St.          |   1 | 0.905 | 0.999 | 1.103 | 0.934
  302 | Marshall             |   1 | 0.905 | 0.994 | 1.098 | 1.001
  303 | Barry                |   2 | 0.904 | 1.100 | 1.217 | 0.912
  304 | Portland St.         |   1 | 0.904 | 0.989 | 1.094 | 0.975
  305 | Michigan Tech        |   2 | 0.904 | 0.930 | 1.029 | 0.924
  306 | McNeese St.          |   1 | 0.904 | 0.950 | 1.051 | 0.989
  307 | Navy                 |   1 | 0.903 | 0.880 | 0.974 | 0.977
  308 | USciences            |   2 | 0.902 | 0.917 | 1.017 | 0.886
  309 | Lamar                |   1 | 0.902 | 0.980 | 1.086 | 0.975
  310 | Ferris St.           |   2 | 0.901 | 0.997 | 1.107 | 0.925
  311 | Troy                 |   1 | 0.897 | 0.947 | 1.056 | 0.971
  312 | Lincoln Memorial     |   2 | 0.897 | 0.960 | 1.070 | 0.868
  313 | Arkansas St.         |   1 | 0.897 | 0.918 | 1.024 | 0.985
  314 | West Ala.            |   2 | 0.896 | 0.957 | 1.069 | 0.913
  315 | Penn                 |   1 | 0.896 | 0.921 | 1.028 | 0.999
  316 | Southern U.          |   1 | 0.896 | 0.893 | 0.996 | 0.962
  317 | Seattle Pacific      |   2 | 0.896 | 0.961 | 1.073 | 0.884
  318 | Samford              |   1 | 0.894 | 0.990 | 1.108 | 0.976
  319 | Tex. A&M-Commerce    |   2 | 0.893 | 1.031 | 1.154 | 0.902
  320 | Campbell             |   1 | 0.893 | 0.896 | 1.003 | 0.979
  321 | CSUN                 |   1 | 0.893 | 0.947 | 1.060 | 1.004
  322 | Fairfield            |   1 | 0.893 | 0.894 | 1.001 | 0.995
  323 | Delaware St.         |   1 | 0.892 | 0.990 | 1.110 | 0.957
  324 | UNC Greensboro       |   1 | 0.892 | 0.962 | 1.079 | 0.972
  325 | Ala.-Huntsville      |   2 | 0.891 | 0.942 | 1.057 | 0.911
  326 | GRU Augusta          |   2 | 0.889 | 0.979 | 1.101 | 0.896
  327 | King (TN)            |   2 | 0.887 | 1.039 | 1.172 | 0.871
  328 | Delaware             |   1 | 0.886 | 0.977 | 1.102 | 0.995
  329 | South Ala.           |   1 | 0.886 | 1.000 | 1.128 | 0.990
  330 | UMass Lowell         |   1 | 0.885 | 0.905 | 1.023 | 0.972
  331 | Ill.-Chicago         |   1 | 0.884 | 0.962 | 1.088 | 0.999
  332 | Hampton              |   1 | 0.884 | 0.942 | 1.066 | 0.958
  333 | Wagner               |   1 | 0.882 | 0.991 | 1.125 | 0.970
  334 | Prairie View         |   1 | 0.882 | 0.947 | 1.074 | 0.962
  335 | Gannon               |   2 | 0.880 | 0.829 | 0.942 | 0.904
  336 | Drake                |   1 | 0.880 | 0.902 | 1.026 | 1.011
  337 | Pittsburg St.        |   2 | 0.880 | 0.927 | 1.053 | 0.907
  338 | Appalachian St.      |   1 | 0.879 | 0.925 | 1.053 | 0.982
  339 | Ark.-Fort Smith      |   2 | 0.879 | 1.060 | 1.206 | 0.903
  340 | Mount Olive          |   2 | 0.878 | 0.971 | 1.106 | 0.873
  341 | Houston Baptist      |   1 | 0.878 | 0.975 | 1.110 | 0.975
  342 | UC-Colo. Springs     |   2 | 0.877 | 1.079 | 1.230 | 0.892
  343 | American Int'l       |   2 | 0.877 | 1.017 | 1.160 | 0.909
  344 | Lipscomb             |   1 | 0.877 | 1.009 | 1.150 | 0.957
  345 | Niagara              |   1 | 0.876 | 0.952 | 1.088 | 0.999
  346 | Colorado St.-Pueblo  |   2 | 0.874 | 1.015 | 1.162 | 0.903
  347 | New Orleans          |   1 | 0.873 | 0.956 | 1.095 | 0.982
  348 | Drury                |   2 | 0.873 | 0.926 | 1.061 | 0.920
  349 | North Dakota         |   1 | 0.872 | 0.966 | 1.107 | 0.987
  350 | Ashland              |   2 | 0.872 | 0.943 | 1.082 | 0.913
  351 | Northwest Mo. St.    |   2 | 0.871 | 0.927 | 1.064 | 0.901
  352 | Truman               |   2 | 0.871 | 1.015 | 1.165 | 0.928
  353 | Bentley              |   2 | 0.870 | 1.019 | 1.170 | 0.926
  354 | East Stroudsburg     |   2 | 0.870 | 1.044 | 1.200 | 0.887
  355 | Franklin Pierce      |   2 | 0.869 | 0.997 | 1.147 | 0.930
  356 | Holy Family          |   2 | 0.868 | 0.991 | 1.142 | 0.896
  357 | Colorado Mesa        |   2 | 0.867 | 0.952 | 1.097 | 0.897
  358 | Saint Michael's      |   2 | 0.867 | 0.996 | 1.149 | 0.923
  359 | Wis.-Whitewater      |   3 | 0.866 | 0.973 | 1.124 | 0.859
  360 | Loyola Maryland      |   1 | 0.865 | 0.876 | 1.012 | 0.988
  361 | Furman               |   1 | 0.865 | 0.923 | 1.067 | 0.989
  362 | Southern Utah        |   1 | 0.865 | 0.995 | 1.151 | 0.973
  363 | Adams St.            |   2 | 0.865 | 1.042 | 1.205 | 0.906
  364 | West Tex. A&M        |   2 | 0.865 | 0.978 | 1.131 | 0.930
  365 | Saginaw Valley       |   2 | 0.865 | 0.955 | 1.105 | 0.929
  366 | Lynn                 |   2 | 0.864 | 0.968 | 1.121 | 0.905
  367 | Idaho St.            |   1 | 0.859 | 0.902 | 1.051 | 0.969
  368 | Merrimack            |   2 | 0.859 | 1.037 | 1.207 | 0.923
  369 | Austin Peay          |   1 | 0.858 | 0.931 | 1.085 | 0.985
  370 | St. Thomas (MN)      |   3 | 0.858 | 0.955 | 1.114 | 0.850
  371 | Ouachita Baptist     |   2 | 0.858 | 0.956 | 1.115 | 0.906
  372 | Stonehill            |   2 | 0.857 | 0.933 | 1.088 | 0.921
  373 | Christian Bros.      |   2 | 0.857 | 0.920 | 1.073 | 0.918
  374 | Fairleigh Dickinson  |   1 | 0.857 | 0.963 | 1.124 | 0.971
  375 | Citadel              |   1 | 0.856 | 0.922 | 1.076 | 0.980
  376 | UNC Pembroke         |   2 | 0.856 | 0.987 | 1.152 | 0.899
  377 | Longwood             |   1 | 0.854 | 0.964 | 1.128 | 0.976
  378 | West Ga.             |   2 | 0.854 | 1.086 | 1.271 | 0.915
  379 | Wis.-Stevens Point   |   3 | 0.854 | 0.838 | 0.981 | 0.865
  380 | Marist               |   1 | 0.853 | 0.895 | 1.049 | 0.984
  381 | St. Cloud St.        |   2 | 0.851 | 1.033 | 1.213 | 0.911
  382 | Southern Ind.        |   2 | 0.851 | 0.927 | 1.090 | 0.911
  383 | Columbus St.         |   2 | 0.851 | 1.002 | 1.177 | 0.898
  384 | Jacksonville St.     |   1 | 0.850 | 0.897 | 1.055 | 0.970
  385 | Western Ore.         |   2 | 0.850 | 0.972 | 1.144 | 0.885
  386 | Jackson St.          |   1 | 0.849 | 0.873 | 1.029 | 0.956
  387 | Northern St.         |   2 | 0.849 | 0.972 | 1.145 | 0.918
  388 | Lake Erie            |   2 | 0.847 | 0.941 | 1.110 | 0.919
  389 | Tampa                |   2 | 0.847 | 0.937 | 1.106 | 0.909
  390 | Bethune-Cookman      |   1 | 0.846 | 0.820 | 0.969 | 0.955
  391 | Southern Miss.       |   1 | 0.845 | 0.885 | 1.048 | 1.000
  392 | Western Ill.         |   1 | 0.845 | 0.893 | 1.057 | 0.980
  393 | St. Mary's (TX)      |   2 | 0.843 | 0.891 | 1.056 | 0.905
  394 | Wheeling Jesuit      |   2 | 0.843 | 0.988 | 1.172 | 0.909
  395 | Mo. Southern St.     |   2 | 0.843 | 1.007 | 1.194 | 0.909
  396 | Fort Hays St.        |   2 | 0.842 | 0.949 | 1.127 | 0.907
  397 | Central Mo.          |   2 | 0.841 | 0.939 | 1.116 | 0.894
  398 | Utah Valley          |   1 | 0.840 | 0.847 | 1.008 | 0.978
  399 | Dixie St.            |   2 | 0.840 | 0.956 | 1.139 | 0.891
  400 | Concordia-St. Paul   |   2 | 0.838 | 0.911 | 1.086 | 0.902
  401 | Central Okla.        |   2 | 0.838 | 0.954 | 1.138 | 0.901
  402 | Philadelphia U.      |   2 | 0.838 | 0.886 | 1.058 | 0.885
  403 | Slippery Rock        |   2 | 0.837 | 0.926 | 1.107 | 0.902
  404 | Findlay              |   2 | 0.837 | 0.924 | 1.104 | 0.928
  405 | Mercyhurst           |   2 | 0.836 | 0.846 | 1.012 | 0.901
  406 | Augustana (IL)       |   3 | 0.835 | 0.936 | 1.120 | 0.848
  407 | Montevallo           |   2 | 0.835 | 0.952 | 1.140 | 0.893
  408 | Montana St.          |   1 | 0.835 | 0.897 | 1.075 | 0.987
  409 | Charleston (WV)      |   2 | 0.834 | 0.893 | 1.070 | 0.915
  410 | Fairmont St.         |   2 | 0.833 | 1.044 | 1.254 | 0.915
  411 | Coppin St.           |   1 | 0.832 | 1.042 | 1.253 | 0.977
  412 | Concord              |   2 | 0.831 | 0.996 | 1.198 | 0.902
  413 | Hillsdale            |   2 | 0.831 | 0.890 | 1.071 | 0.925
  414 | New Haven            |   2 | 0.830 | 0.809 | 0.975 | 0.921
  415 | Northwood (MI)       |   2 | 0.830 | 0.996 | 1.199 | 0.923
  416 | Glenville St.        |   2 | 0.825 | 1.003 | 1.216 | 0.909
  417 | Chico St.            |   2 | 0.825 | 0.861 | 1.043 | 0.892
  418 | UC San Diego         |   2 | 0.825 | 0.869 | 1.053 | 0.895
  419 | Southern Ark.        |   2 | 0.824 | 0.986 | 1.197 | 0.915
  420 | Stetson              |   1 | 0.823 | 0.950 | 1.154 | 0.964
  421 | Harding              |   2 | 0.822 | 0.981 | 1.193 | 0.899
  422 | Morgan St.           |   1 | 0.822 | 0.883 | 1.073 | 0.969
  423 | Tex.-Pan American    |   1 | 0.821 | 0.885 | 1.077 | 0.976
  424 | Eastern Conn. St.    |   3 | 0.821 | 0.876 | 1.067 | 0.843
  425 | Mo.-St. Louis        |   2 | 0.820 | 0.977 | 1.192 | 0.917
  426 | St. Norbert          |   3 | 0.818 | 0.894 | 1.093 | 0.808
  427 | South Carolina St.   |   1 | 0.817 | 0.856 | 1.048 | 0.969
  428 | Binghamton           |   1 | 0.817 | 0.835 | 1.022 | 0.979
  429 | Grand Valley St.     |   2 | 0.815 | 0.944 | 1.157 | 0.928
  430 | Fort Lewis           |   2 | 0.815 | 1.007 | 1.235 | 0.902
  431 | Edinboro             |   2 | 0.815 | 0.923 | 1.132 | 0.895
  432 | Liberty              |   1 | 0.815 | 0.868 | 1.066 | 0.967
  433 | St. Edward's         |   2 | 0.814 | 0.930 | 1.142 | 0.896
  434 | Delta St.            |   2 | 0.812 | 0.944 | 1.163 | 0.917
  435 | Kutztown             |   2 | 0.812 | 0.947 | 1.166 | 0.888
  436 | Tennessee St.        |   1 | 0.812 | 0.833 | 1.026 | 0.993
  437 | Nicholls St.         |   1 | 0.811 | 0.856 | 1.055 | 0.985
  438 | Whitman              |   3 | 0.811 | 0.974 | 1.202 | 0.817
  439 | UMBC                 |   1 | 0.810 | 0.847 | 1.045 | 0.981
  440 | East Central         |   2 | 0.810 | 0.948 | 1.170 | 0.901
  441 | Virginia St.         |   2 | 0.809 | 0.867 | 1.072 | 0.886
  442 | Bridgeport           |   2 | 0.809 | 0.957 | 1.183 | 0.894
  443 | Presbyterian         |   1 | 0.808 | 0.877 | 1.085 | 0.975
  444 | Chaminade            |   2 | 0.807 | 1.048 | 1.298 | 0.918
  445 | Western Wash.        |   2 | 0.807 | 0.960 | 1.189 | 0.887
  446 | Ga. Southwestern     |   2 | 0.806 | 0.850 | 1.054 | 0.894
  447 | Lander               |   2 | 0.805 | 0.939 | 1.166 | 0.902
  448 | Mississippi Col.     |   2 | 0.805 | 0.950 | 1.180 | 0.927
  449 | Winston-Salem        |   2 | 0.804 | 0.983 | 1.223 | 0.892
  450 | St. Olaf             |   3 | 0.804 | 0.959 | 1.193 | 0.830
  451 | Upper Iowa           |   2 | 0.803 | 1.023 | 1.273 | 0.920
  452 | Tex. Permian Basin   |   2 | 0.803 | 1.036 | 1.290 | 0.890
  453 | Assumption           |   2 | 0.802 | 0.890 | 1.109 | 0.925
  454 | Winona St.           |   2 | 0.801 | 0.896 | 1.119 | 0.908
  455 | Kennesaw St.         |   1 | 0.801 | 0.886 | 1.106 | 0.973
  456 | Neb.-Kearney         |   2 | 0.801 | 1.006 | 1.257 | 0.906
  457 | Quincy               |   2 | 0.799 | 1.021 | 1.278 | 0.921
  458 | Nova Southeastern    |   2 | 0.798 | 0.904 | 1.132 | 0.926
  459 | Abilene Christian    |   1 | 0.798 | 0.890 | 1.115 | 0.976
  460 | Le Moyne             |   2 | 0.797 | 0.861 | 1.080 | 0.915
  461 | N.C. A&T             |   1 | 0.797 | 0.843 | 1.057 | 0.960
  462 | Alabama A&M          |   1 | 0.797 | 0.850 | 1.067 | 0.957
  463 | Livingstone          |   2 | 0.797 | 0.982 | 1.231 | 0.886
  464 | Central Conn. St.    |   1 | 0.795 | 0.856 | 1.078 | 0.976
  465 | Cameron              |   2 | 0.795 | 0.941 | 1.184 | 0.930
  466 | Ark.-Pine Bluff      |   1 | 0.795 | 0.841 | 1.058 | 0.960
  467 | St. John Fisher      |   3 | 0.794 | 0.869 | 1.094 | 0.807
  468 | Alderson Broaddus    |   2 | 0.794 | 0.898 | 1.132 | 0.895
  469 | Wayne St. (MI)       |   2 | 0.794 | 0.870 | 1.096 | 0.928
  470 | Paine                |   2 | 0.793 | 0.990 | 1.249 | 0.877
  471 | Rollins              |   2 | 0.793 | 0.885 | 1.117 | 0.908
  472 | Humboldt St.         |   2 | 0.793 | 1.029 | 1.297 | 0.888
  473 | Tex. A&M-Kingsville  |   2 | 0.792 | 0.929 | 1.173 | 0.918
  474 | Hawaii Pacific       |   2 | 0.792 | 0.835 | 1.054 | 0.885
  475 | Chicago St.          |   1 | 0.791 | 0.826 | 1.043 | 0.990
  476 | Va. Wesleyan         |   3 | 0.790 | 0.934 | 1.182 | 0.836
  477 | Marietta             |   3 | 0.789 | 0.962 | 1.220 | 0.841
  478 | Cal St. San B'dino   |   2 | 0.789 | 0.919 | 1.166 | 0.892
  479 | Southwestern Okla.   |   2 | 0.789 | 0.855 | 1.083 | 0.898
  480 | Southwest Minn. St.  |   2 | 0.788 | 0.964 | 1.224 | 0.915
  481 | West Chester         |   2 | 0.787 | 0.963 | 1.223 | 0.894
  482 | North Georgia        |   2 | 0.787 | 0.999 | 1.269 | 0.898
  483 | Emory                |   3 | 0.787 | 0.961 | 1.222 | 0.850
  484 | Minn. Duluth         |   2 | 0.787 | 0.881 | 1.120 | 0.912
  485 | Maine                |   1 | 0.787 | 0.898 | 1.141 | 0.991
  486 | Eckerd               |   2 | 0.787 | 0.886 | 1.125 | 0.919
  487 | Sonoma St.           |   2 | 0.786 | 0.879 | 1.118 | 0.892
  488 | Washburn             |   2 | 0.786 | 0.884 | 1.124 | 0.907
  489 | North Ala.           |   2 | 0.785 | 0.956 | 1.218 | 0.919
  490 | Bowie St.            |   2 | 0.785 | 0.915 | 1.166 | 0.895
  491 | Clayton St.          |   2 | 0.783 | 0.846 | 1.082 | 0.891
  492 | Arkansas Tech        |   2 | 0.783 | 0.903 | 1.153 | 0.913
  493 | Stillman             |   2 | 0.783 | 0.922 | 1.177 | 0.887
  494 | Chowan               |   2 | 0.782 | 0.865 | 1.105 | 0.887
  495 | Southwest Baptist    |   2 | 0.782 | 0.882 | 1.128 | 0.902
  496 | Elmhurst             |   3 | 0.782 | 0.933 | 1.193 | 0.845
  497 | Post                 |   2 | 0.781 | 0.899 | 1.150 | 0.893
  498 | John Carroll         |   3 | 0.781 | 1.013 | 1.297 | 0.841
  499 | Saint Leo            |   2 | 0.781 | 0.783 | 1.003 | 0.911
  500 | Colo. Christian      |   2 | 0.780 | 0.914 | 1.171 | 0.903
  501 | Florida Tech         |   2 | 0.780 | 0.948 | 1.216 | 0.906
  502 | Caldwell             |   2 | 0.780 | 0.932 | 1.195 | 0.890
  503 | Catholic             |   3 | 0.780 | 0.890 | 1.140 | 0.826
  504 | Saint Rose           |   2 | 0.779 | 0.859 | 1.102 | 0.923
  505 | Wooster              |   3 | 0.779 | 0.971 | 1.247 | 0.841
  506 | Jacksonville         |   1 | 0.779 | 0.871 | 1.118 | 0.967
  507 | Benedict             |   2 | 0.779 | 0.864 | 1.109 | 0.871
  508 | Palm Beach Atl.      |   2 | 0.777 | 0.892 | 1.147 | 0.914
  509 | Lincoln (PA)         |   2 | 0.775 | 0.894 | 1.153 | 0.887
  510 | Ill. Wesleyan        |   3 | 0.775 | 0.934 | 1.205 | 0.849
  511 | Queens (NC)          |   2 | 0.775 | 0.928 | 1.197 | 0.870
  512 | Hope                 |   3 | 0.774 | 0.958 | 1.239 | 0.852
  513 | West Va. Wesleyan    |   2 | 0.774 | 0.778 | 1.005 | 0.913
  514 | Central Wash.        |   2 | 0.774 | 0.941 | 1.216 | 0.889
  515 | California (PA)      |   2 | 0.774 | 0.838 | 1.084 | 0.897
  516 | LIU Post             |   2 | 0.774 | 0.865 | 1.118 | 0.885
  517 | Newman               |   2 | 0.774 | 1.021 | 1.319 | 0.900
  518 | Central St. (OH)     |   2 | 0.773 | 0.910 | 1.177 | 0.894
  519 | Johnson & Wales (RI) |   3 | 0.771 | 0.898 | 1.164 | 0.796
  520 | Claflin              |   2 | 0.771 | 0.853 | 1.107 | 0.872
  521 | Johnson C. Smith     |   2 | 0.770 | 1.001 | 1.301 | 0.894
  522 | Shaw                 |   2 | 0.769 | 0.825 | 1.072 | 0.890
  523 | Dominican (NY)       |   2 | 0.769 | 0.934 | 1.215 | 0.896
  524 | St. Thomas Aquinas   |   2 | 0.769 | 0.916 | 1.191 | 0.893
  525 | NYU                  |   3 | 0.769 | 0.915 | 1.189 | 0.840
  526 | Cal St. Stanislaus   |   2 | 0.768 | 0.832 | 1.084 | 0.890
  527 | Fayetteville St.     |   2 | 0.768 | 0.967 | 1.259 | 0.896
  528 | WPI                  |   3 | 0.767 | 0.832 | 1.085 | 0.818
  529 | Dubuque              |   3 | 0.767 | 0.909 | 1.185 | 0.827
  530 | Ohio Valley          |   2 | 0.767 | 0.952 | 1.241 | 0.899
  531 | S.C. Aiken           |   2 | 0.766 | 0.933 | 1.219 | 0.904
  532 | Alas. Anchorage      |   2 | 0.765 | 0.887 | 1.160 | 0.904
  533 | Hawaii Hilo          |   2 | 0.764 | 0.937 | 1.228 | 0.899
  534 | Claremont-M-S        |   3 | 0.764 | 0.801 | 1.048 | 0.814
  535 | Shepherd             |   2 | 0.763 | 0.955 | 1.251 | 0.906
  536 | Whitworth            |   3 | 0.763 | 0.889 | 1.164 | 0.815
  537 | Randolph-Macon       |   3 | 0.762 | 0.876 | 1.150 | 0.835
  538 | Maryville (MO)       |   2 | 0.762 | 0.870 | 1.142 | 0.910
  539 | Newberry             |   2 | 0.762 | 1.088 | 1.426 | 0.868
  540 | Ark.-Monticello      |   2 | 0.762 | 0.939 | 1.233 | 0.917
  541 | Wingate              |   2 | 0.761 | 0.852 | 1.119 | 0.872
  542 | Baldwin Wallace      |   3 | 0.761 | 0.932 | 1.224 | 0.835
  543 | Babson               |   3 | 0.761 | 0.850 | 1.117 | 0.826
  544 | Northern Mich.       |   2 | 0.760 | 0.814 | 1.071 | 0.924
  545 | Savannah St.         |   1 | 0.759 | 0.811 | 1.069 | 0.985
  546 | Georgia College      |   2 | 0.758 | 0.896 | 1.182 | 0.888
  547 | Morehouse            |   2 | 0.757 | 0.842 | 1.112 | 0.877
  548 | Tex. A&M Int'l       |   2 | 0.757 | 0.845 | 1.116 | 0.907
  549 | Dickinson            |   3 | 0.757 | 0.858 | 1.133 | 0.819
  550 | Mount Union          |   3 | 0.757 | 1.004 | 1.327 | 0.847
  551 | Francis Marion       |   2 | 0.756 | 0.954 | 1.261 | 0.902
  552 | Southeastern Okla.   |   2 | 0.756 | 0.889 | 1.176 | 0.908
  553 | Johns Hopkins        |   3 | 0.755 | 0.839 | 1.111 | 0.819
  554 | Henderson St.        |   2 | 0.753 | 0.876 | 1.163 | 0.910
  555 | Bloomfield           |   2 | 0.753 | 1.005 | 1.333 | 0.884
  556 | Central Ark.         |   1 | 0.753 | 0.938 | 1.246 | 0.975
  557 | Rhode Island Col.    |   3 | 0.753 | 0.809 | 1.075 | 0.846
  558 | Case                 |   3 | 0.752 | 0.927 | 1.233 | 0.862
  559 | Pitt.-Johnstown      |   2 | 0.751 | 0.924 | 1.230 | 0.901
  560 | Washington-St. Louis |   3 | 0.750 | 0.966 | 1.288 | 0.849
  561 | Cal St. Monterey Bay |   2 | 0.749 | 0.941 | 1.256 | 0.887
  562 | Dominican (CA)       |   2 | 0.749 | 0.870 | 1.162 | 0.879
  563 | Valdosta St.         |   2 | 0.749 | 0.928 | 1.239 | 0.915
  564 | Mo. Western St.      |   2 | 0.749 | 0.869 | 1.160 | 0.900
  565 | Alcorn               |   1 | 0.748 | 0.867 | 1.158 | 0.949
  566 | Millersville         |   2 | 0.747 | 0.879 | 1.176 | 0.888
  567 | Wis.-Platteville     |   3 | 0.747 | 0.820 | 1.098 | 0.851
  568 | Emporia St.          |   2 | 0.746 | 0.830 | 1.112 | 0.900
  569 | Centre               |   3 | 0.746 | 0.821 | 1.101 | 0.817
  570 | San Jose St.         |   1 | 0.746 | 0.788 | 1.056 | 1.011
  571 | Calvin               |   3 | 0.744 | 0.917 | 1.233 | 0.836
  572 | Hardin-Simmons       |   3 | 0.744 | 0.910 | 1.223 | 0.828
  573 | Dallas Baptist       |   2 | 0.744 | 0.957 | 1.286 | 0.902
  574 | Mary                 |   2 | 0.743 | 0.900 | 1.211 | 0.914
  575 | St. Mary's (MD)      |   3 | 0.743 | 0.873 | 1.175 | 0.823
  576 | Flagler              |   2 | 0.743 | 0.937 | 1.261 | 0.905
  577 | Carson-Newman        |   2 | 0.743 | 0.888 | 1.194 | 0.872
  578 | Trinity (CT)         |   3 | 0.742 | 0.829 | 1.117 | 0.823
  579 | LeMoyne-Owen         |   2 | 0.742 | 0.959 | 1.292 | 0.872
  580 | Northwest Nazarene   |   2 | 0.742 | 0.843 | 1.135 | 0.899
  581 | Shippensburg         |   2 | 0.742 | 0.837 | 1.129 | 0.889
  582 | Cal St. L.A.         |   2 | 0.741 | 0.797 | 1.075 | 0.892
  583 | Molloy               |   2 | 0.741 | 0.897 | 1.211 | 0.877
  584 | Defiance             |   3 | 0.740 | 0.873 | 1.179 | 0.823
  585 | North Greenville     |   2 | 0.740 | 0.903 | 1.220 | 0.873
  586 | Saint John's (MN)    |   3 | 0.740 | 0.920 | 1.243 | 0.854
  587 | West Florida         |   2 | 0.740 | 0.885 | 1.197 | 0.911
  588 | Coker                |   2 | 0.740 | 0.853 | 1.153 | 0.879
  589 | P.R.-Rio Piedras     |   2 | 0.739 | 0.881 | 1.193 | 0.914
  590 | Chicago              |   3 | 0.738 | 0.866 | 1.173 | 0.852
  591 | San Fran. St.        |   2 | 0.738 | 0.799 | 1.083 | 0.897
  592 | Adelphi              |   2 | 0.738 | 0.903 | 1.224 | 0.915
  593 | Saint Vincent        |   3 | 0.737 | 0.828 | 1.124 | 0.810
  594 | Amherst              |   3 | 0.737 | 0.889 | 1.206 | 0.839
  595 | Ill.-Springfield     |   2 | 0.735 | 0.834 | 1.134 | 0.914
  596 | Armstrong            |   2 | 0.735 | 0.893 | 1.215 | 0.915
  597 | Tuskegee             |   2 | 0.735 | 0.810 | 1.102 | 0.882
  598 | Barton               |   2 | 0.735 | 0.977 | 1.329 | 0.871
  599 | Mississippi Val.     |   1 | 0.735 | 0.919 | 1.251 | 0.964
  600 | Pfeiffer             |   2 | 0.734 | 0.831 | 1.133 | 0.874
  601 | Ohio Wesleyan        |   3 | 0.734 | 0.980 | 1.335 | 0.837
  602 | Richard Stockton     |   3 | 0.734 | 0.792 | 1.079 | 0.837
  603 | East Tex. Baptist    |   3 | 0.733 | 0.867 | 1.182 | 0.827
  604 | Springfield          |   3 | 0.733 | 0.856 | 1.168 | 0.830
  605 | Nichols              |   3 | 0.732 | 0.915 | 1.250 | 0.813
  606 | Lynchburg            |   3 | 0.731 | 0.859 | 1.176 | 0.837
  607 | NYIT                 |   2 | 0.731 | 0.986 | 1.348 | 0.881
  608 | Frank. & Marsh.      |   3 | 0.731 | 0.856 | 1.172 | 0.813
  609 | P.R.-Mayaguez        |   2 | 0.730 | 0.932 | 1.277 | 0.915
  610 | Mansfield            |   2 | 0.729 | 0.906 | 1.243 | 0.892
  611 | Penn St.-Behrend     |   3 | 0.728 | 0.778 | 1.069 | 0.787
  612 | Salisbury            |   3 | 0.728 | 0.829 | 1.138 | 0.822
  613 | Susquehanna          |   3 | 0.728 | 0.898 | 1.233 | 0.823
  614 | Bemidji St.          |   2 | 0.728 | 0.916 | 1.258 | 0.897
  615 | MIT                  |   3 | 0.728 | 0.771 | 1.059 | 0.823
  616 | Tiffin               |   2 | 0.727 | 0.830 | 1.141 | 0.929
  617 | Lane                 |   2 | 0.727 | 0.888 | 1.221 | 0.876
  618 | Albertus Magnus      |   3 | 0.727 | 1.052 | 1.446 | 0.790
  619 | Catawba              |   2 | 0.727 | 0.951 | 1.309 | 0.879
  620 | Lees-McRae           |   2 | 0.726 | 0.997 | 1.372 | 0.861
  621 | Rhodes               |   3 | 0.726 | 0.789 | 1.087 | 0.819
  622 | Virginia Union       |   2 | 0.726 | 0.898 | 1.237 | 0.892
  623 | Chris. Newport       |   3 | 0.723 | 0.844 | 1.167 | 0.829
  624 | Alas. Fairbanks      |   2 | 0.723 | 0.860 | 1.189 | 0.902
  625 | Wilmington (DE)      |   2 | 0.722 | 0.909 | 1.259 | 0.889
  626 | Westfield St.        |   3 | 0.722 | 0.893 | 1.237 | 0.815
  627 | N.M. Highlands       |   2 | 0.721 | 0.923 | 1.280 | 0.922
  628 | Dowling              |   2 | 0.721 | 0.932 | 1.291 | 0.887
  629 | Plattsburgh St.      |   3 | 0.721 | 0.860 | 1.193 | 0.828
  630 | Rutgers-Newark       |   3 | 0.721 | 0.821 | 1.139 | 0.834
  631 | Chestnut Hill        |   2 | 0.721 | 0.893 | 1.237 | 0.887
  632 | Chadron St.          |   2 | 0.720 | 0.876 | 1.218 | 0.914
  633 | Mt. St. Joseph       |   3 | 0.720 | 0.841 | 1.168 | 0.824
  634 | Missouri S&T         |   2 | 0.719 | 0.975 | 1.357 | 0.925
  635 | Texas-Dallas         |   3 | 0.719 | 0.846 | 1.177 | 0.829
  636 | Wm. Paterson         |   3 | 0.718 | 0.871 | 1.214 | 0.835
  637 | Gust. Adolphus       |   3 | 0.718 | 0.809 | 1.126 | 0.834
  638 | Wis.-La Crosse       |   3 | 0.717 | 0.786 | 1.096 | 0.866
  639 | Tufts                |   3 | 0.717 | 0.844 | 1.177 | 0.846
  640 | Gwynedd Mercy        |   3 | 0.717 | 0.922 | 1.285 | 0.808
  641 | Bowdoin              |   3 | 0.717 | 0.827 | 1.153 | 0.828
  642 | Buena Vista          |   3 | 0.717 | 0.947 | 1.321 | 0.830
  643 | Elizabeth City St.   |   2 | 0.716 | 0.888 | 1.240 | 0.895
  644 | Wis.-River Falls     |   3 | 0.716 | 0.871 | 1.217 | 0.854
  645 | Trine                |   3 | 0.716 | 0.787 | 1.099 | 0.842
  646 | Wayne St. (NE)       |   2 | 0.715 | 0.915 | 1.281 | 0.925
  647 | Keene St.            |   3 | 0.714 | 0.979 | 1.372 | 0.834
  648 | Scranton             |   3 | 0.713 | 0.835 | 1.171 | 0.816
  649 | Chapman              |   3 | 0.712 | 0.857 | 1.203 | 0.823
  650 | Albion               |   3 | 0.712 | 0.784 | 1.101 | 0.847
  651 | North Central (IL)   |   3 | 0.712 | 0.859 | 1.206 | 0.860
  652 | P.R.-Bayamon         |   2 | 0.712 | 0.857 | 1.203 | 0.921
  653 | Wesleyan (CT)        |   3 | 0.710 | 0.853 | 1.202 | 0.828
  654 | Clarion              |   2 | 0.710 | 0.924 | 1.301 | 0.896
  655 | Anderson (SC)        |   2 | 0.709 | 0.822 | 1.160 | 0.874
  656 | Middlebury           |   3 | 0.709 | 0.902 | 1.273 | 0.822
  657 | Felician             |   2 | 0.708 | 0.846 | 1.194 | 0.886
  658 | Kentucky St.         |   2 | 0.708 | 0.845 | 1.194 | 0.879
  659 | Brooklyn             |   3 | 0.707 | 0.943 | 1.333 | 0.811
  660 | Wis.-Oshkosh         |   3 | 0.706 | 0.790 | 1.119 | 0.858
  661 | Bloomsburg           |   2 | 0.706 | 0.942 | 1.335 | 0.887
  662 | Skidmore             |   3 | 0.706 | 0.819 | 1.160 | 0.826
  663 | Endicott             |   3 | 0.705 | 0.903 | 1.281 | 0.802
  664 | Bates                |   3 | 0.705 | 0.824 | 1.169 | 0.840
  665 | Western Conn. St.    |   3 | 0.705 | 0.948 | 1.346 | 0.835
  666 | Lock Haven           |   2 | 0.705 | 0.921 | 1.306 | 0.890
  667 | Southern Vt.         |   3 | 0.704 | 0.847 | 1.202 | 0.794
  668 | Williams             |   3 | 0.704 | 0.895 | 1.272 | 0.844
  669 | Guilford             |   3 | 0.701 | 0.815 | 1.162 | 0.828
  670 | Nyack                |   2 | 0.701 | 0.832 | 1.187 | 0.885
  671 | Louisiana Col.       |   3 | 0.700 | 0.897 | 1.283 | 0.861
  672 | Wis.-Eau Claire      |   3 | 0.700 | 0.843 | 1.204 | 0.869
  673 | Oswego St.           |   3 | 0.699 | 0.833 | 1.192 | 0.817
  674 | Hanover              |   3 | 0.699 | 0.775 | 1.109 | 0.832
  675 | Oakland City         |   2 | 0.697 | 0.905 | 1.297 | 0.911
  676 | St. Joseph's (IN)    |   2 | 0.697 | 0.909 | 1.305 | 0.924
  677 | Seton Hill           |   2 | 0.697 | 0.814 | 1.168 | 0.907
  678 | Clark Atlanta        |   2 | 0.696 | 0.954 | 1.370 | 0.880
  679 | Coe                  |   3 | 0.696 | 0.863 | 1.240 | 0.832
  680 | Wartburg             |   3 | 0.696 | 0.841 | 1.207 | 0.828
  681 | Concordia (NY)       |   2 | 0.695 | 0.916 | 1.318 | 0.882
  682 | Wheaton (IL)         |   3 | 0.695 | 0.841 | 1.209 | 0.857
  683 | Florida A&M          |   1 | 0.693 | 0.807 | 1.165 | 0.966
  684 | SUNY Cortland        |   3 | 0.693 | 0.810 | 1.168 | 0.816
  685 | UMass Boston         |   3 | 0.693 | 0.899 | 1.297 | 0.837
  686 | DePauw               |   3 | 0.692 | 0.770 | 1.112 | 0.823
  687 | Rowan                |   3 | 0.692 | 0.842 | 1.216 | 0.841
  688 | Concordia (TX)       |   3 | 0.692 | 1.015 | 1.468 | 0.830
  689 | Marymount (VA)       |   3 | 0.691 | 0.832 | 1.204 | 0.830
  690 | Hobart               |   3 | 0.691 | 0.744 | 1.076 | 0.820
  691 | Central (IA)         |   3 | 0.690 | 0.887 | 1.285 | 0.829
  692 | Cabrini              |   3 | 0.689 | 1.001 | 1.453 | 0.816
  693 | Sage Colleges        |   3 | 0.689 | 0.909 | 1.318 | 0.799
  694 | Lewis & Clark        |   3 | 0.689 | 0.753 | 1.093 | 0.842
  695 | West Virginia St.    |   2 | 0.689 | 0.914 | 1.326 | 0.909
  696 | Davis & Elkins       |   2 | 0.689 | 0.856 | 1.242 | 0.885
  697 | Western St.          |   2 | 0.688 | 0.873 | 1.269 | 0.914
  698 | New Jersey City      |   3 | 0.688 | 0.797 | 1.159 | 0.841
  699 | Mary Hardin-Baylor   |   3 | 0.688 | 0.858 | 1.247 | 0.833
  700 | Bluefield St.        |   2 | 0.688 | 0.894 | 1.298 | 0.878
  701 | Cal Lutheran         |   3 | 0.687 | 0.841 | 1.225 | 0.817
  702 | Stevenson            |   3 | 0.687 | 0.870 | 1.266 | 0.824
  703 | Eastern Nazarene     |   3 | 0.686 | 0.870 | 1.268 | 0.800
  704 | Concordia-M'head     |   3 | 0.686 | 0.761 | 1.108 | 0.838
  705 | Queens (NY)          |   2 | 0.686 | 0.854 | 1.244 | 0.870
  706 | Academy of Art       |   2 | 0.686 | 0.837 | 1.219 | 0.906
  707 | Saint Augustine's    |   2 | 0.685 | 0.836 | 1.221 | 0.887
  708 | Saint Martin's       |   2 | 0.684 | 0.837 | 1.224 | 0.892
  709 | Clarkson             |   3 | 0.684 | 0.779 | 1.139 | 0.810
  710 | Misericordia         |   3 | 0.683 | 0.787 | 1.152 | 0.809
  711 | UMass Dartmouth      |   3 | 0.683 | 0.949 | 1.390 | 0.843
  712 | Thomas More          |   3 | 0.682 | 0.918 | 1.346 | 0.812
  713 | Concordia Wisconsin  |   3 | 0.681 | 0.874 | 1.282 | 0.798
  714 | Rochester (NY)       |   3 | 0.681 | 0.834 | 1.225 | 0.853
  715 | Alma                 |   3 | 0.680 | 0.848 | 1.247 | 0.857
  716 | North Park           |   3 | 0.680 | 0.874 | 1.286 | 0.855
  717 | Rose-Hulman          |   3 | 0.680 | 0.801 | 1.178 | 0.823
  718 | Pace                 |   2 | 0.680 | 0.793 | 1.167 | 0.921
  719 | Rockhurst            |   2 | 0.678 | 0.837 | 1.236 | 0.929
  720 | Carleton             |   3 | 0.677 | 0.749 | 1.105 | 0.839
  721 | Centenary (LA)       |   3 | 0.677 | 0.890 | 1.315 | 0.829
  722 | Colby                |   3 | 0.676 | 0.894 | 1.322 | 0.834
  723 | Wilmington (OH)      |   3 | 0.676 | 0.899 | 1.329 | 0.849
  724 | Lenoir-Rhyne         |   2 | 0.675 | 0.773 | 1.145 | 0.882
  725 | Wittenberg           |   3 | 0.675 | 0.759 | 1.125 | 0.837
  726 | Dist. Columbia       |   2 | 0.674 | 0.951 | 1.411 | 0.880
  727 | Denison              |   3 | 0.673 | 0.855 | 1.270 | 0.827
  728 | Limestone            |   2 | 0.673 | 0.827 | 1.229 | 0.883
  729 | Howard Payne         |   3 | 0.672 | 0.861 | 1.282 | 0.858
  730 | East. Mennonite      |   3 | 0.672 | 0.875 | 1.302 | 0.832
  731 | Albany St. (GA)      |   2 | 0.672 | 0.882 | 1.314 | 0.879
  732 | TCNJ                 |   3 | 0.671 | 0.822 | 1.226 | 0.836
  733 | Ohio Northern        |   3 | 0.671 | 0.843 | 1.256 | 0.849
  734 | Colby-Sawyer         |   3 | 0.671 | 0.816 | 1.217 | 0.777
  735 | SUNY Oneonta         |   3 | 0.671 | 0.898 | 1.338 | 0.833
  736 | Minn.-Crookston      |   2 | 0.670 | 0.731 | 1.092 | 0.919
  737 | Staten Island        |   3 | 0.670 | 0.877 | 1.309 | 0.814
  738 | Birmingham-So.       |   3 | 0.670 | 0.894 | 1.335 | 0.820
  739 | Heidelberg           |   3 | 0.669 | 0.887 | 1.325 | 0.850
  740 | Northeastern St.     |   2 | 0.669 | 0.860 | 1.285 | 0.910
  741 | Carnegie Mellon      |   3 | 0.669 | 0.813 | 1.216 | 0.839
  742 | Goldey-Beacom        |   2 | 0.669 | 0.814 | 1.217 | 0.885
  743 | Tusculum             |   2 | 0.668 | 0.874 | 1.309 | 0.887
  744 | Adrian               |   3 | 0.667 | 0.722 | 1.082 | 0.849
  745 | Hampden-Sydney       |   3 | 0.667 | 0.818 | 1.226 | 0.834
  746 | Texas Lutheran       |   3 | 0.667 | 0.857 | 1.286 | 0.834
  747 | Lehman               |   3 | 0.666 | 0.827 | 1.241 | 0.810
  748 | Buffalo St.          |   3 | 0.666 | 0.926 | 1.390 | 0.828
  749 | Cal St. Dom. Hills   |   2 | 0.666 | 0.795 | 1.195 | 0.894
  750 | Brevard              |   2 | 0.665 | 0.842 | 1.267 | 0.883
  751 | Grinnell             |   3 | 0.664 | 1.245 | 1.877 | 0.799
  752 | Mont. St. Billings   |   2 | 0.664 | 0.821 | 1.237 | 0.893
  753 | Messiah              |   3 | 0.664 | 0.883 | 1.330 | 0.826
  754 | Salem Int'l          |   2 | 0.664 | 0.935 | 1.408 | 0.890
  755 | Fitchburg St.        |   3 | 0.664 | 0.840 | 1.264 | 0.806
  756 | SUNY Geneseo         |   3 | 0.664 | 0.839 | 1.263 | 0.828
  757 | Lycoming             |   3 | 0.663 | 0.842 | 1.270 | 0.836
  758 | Brandeis             |   3 | 0.663 | 0.760 | 1.145 | 0.848
  759 | Cheyney              |   2 | 0.662 | 0.905 | 1.368 | 0.896
  760 | St. Joseph's (Brkln) |   3 | 0.662 | 0.854 | 1.290 | 0.819
  761 | Union (NY)           |   3 | 0.661 | 0.903 | 1.366 | 0.833
  762 | Albright             |   3 | 0.661 | 0.841 | 1.272 | 0.824
  763 | Eastern N.M.         |   2 | 0.659 | 0.851 | 1.291 | 0.923
  764 | Mercy                |   2 | 0.658 | 0.852 | 1.295 | 0.870
  765 | Georgian Court       |   2 | 0.657 | 0.843 | 1.283 | 0.879
  766 | Delaware Valley      |   3 | 0.655 | 0.837 | 1.277 | 0.814
  767 | Wabash               |   3 | 0.655 | 0.792 | 1.209 | 0.833
  768 | Hamline              |   3 | 0.654 | 0.815 | 1.246 | 0.837
  769 | Neb. Wesleyan        |   3 | 0.654 | 1.059 | 1.618 | 0.790
  770 | Hamilton             |   3 | 0.653 | 0.798 | 1.224 | 0.825
  771 | Lebanon Valley       |   3 | 0.653 | 0.827 | 1.267 | 0.821
  772 | Southwestern (TX)    |   3 | 0.652 | 0.804 | 1.232 | 0.831
  773 | Millikin             |   3 | 0.652 | 0.814 | 1.249 | 0.849
  774 | Mars Hill            |   2 | 0.652 | 0.837 | 1.283 | 0.878
  775 | Cal St. East Bay     |   2 | 0.652 | 0.797 | 1.222 | 0.898
  776 | Carthage             |   3 | 0.651 | 0.791 | 1.215 | 0.864
  777 | Ramapo               |   3 | 0.651 | 0.878 | 1.349 | 0.833
  778 | Regis (CO)           |   2 | 0.650 | 0.790 | 1.216 | 0.911
  779 | Waynesburg           |   3 | 0.650 | 0.811 | 1.248 | 0.809
  780 | Rutgers-Camden       |   3 | 0.650 | 0.838 | 1.288 | 0.837
  781 | Greensboro           |   3 | 0.650 | 0.879 | 1.354 | 0.826
  782 | Oglethorpe           |   3 | 0.649 | 0.878 | 1.353 | 0.818
  783 | Fort Valley St.      |   2 | 0.648 | 0.866 | 1.337 | 0.889
  784 | McDaniel             |   3 | 0.647 | 0.722 | 1.116 | 0.822
  785 | Brockport            |   3 | 0.647 | 0.772 | 1.193 | 0.829
  786 | Monmouth (IL)        |   3 | 0.647 | 0.816 | 1.262 | 0.816
  787 | Lincoln (MO)         |   2 | 0.646 | 0.809 | 1.253 | 0.904
  788 | Marian (WI)          |   3 | 0.646 | 0.745 | 1.154 | 0.808
  789 | N.C. Wesleyan        |   3 | 0.646 | 0.836 | 1.294 | 0.830
  790 | Transylvania         |   3 | 0.646 | 0.856 | 1.326 | 0.823
  791 | Hood                 |   3 | 0.645 | 0.851 | 1.320 | 0.834
  792 | Capital              |   3 | 0.645 | 0.781 | 1.211 | 0.856
  793 | Whittier             |   3 | 0.645 | 0.940 | 1.457 | 0.810
  794 | Puget Sound          |   3 | 0.644 | 0.830 | 1.290 | 0.812
  795 | York (NY)            |   3 | 0.643 | 0.828 | 1.289 | 0.818
  796 | Grambling            |   1 | 0.642 | 0.747 | 1.162 | 0.970
  797 | Schreiner            |   3 | 0.641 | 0.787 | 1.228 | 0.829
  798 | Webster              |   3 | 0.641 | 0.793 | 1.238 | 0.803
  799 | Lake Forest          |   3 | 0.641 | 0.881 | 1.376 | 0.811
  800 | Randolph             |   3 | 0.641 | 0.777 | 1.212 | 0.828
  801 | Hartwick             |   3 | 0.640 | 0.850 | 1.329 | 0.825
  802 | Wis.-Superior        |   3 | 0.640 | 0.858 | 1.340 | 0.850
  803 | Maryville (TN)       |   3 | 0.640 | 0.810 | 1.267 | 0.825
  804 | Wesley               |   3 | 0.639 | 0.788 | 1.233 | 0.828
  805 | Miles                |   2 | 0.639 | 0.865 | 1.353 | 0.891
  806 | Western N.M.         |   2 | 0.638 | 0.813 | 1.274 | 0.915
  807 | Northwestern-St.Paul |   3 | 0.637 | 0.799 | 1.255 | 0.789
  808 | Gettysburg           |   3 | 0.637 | 0.773 | 1.214 | 0.819
  809 | Alfred               |   3 | 0.637 | 0.826 | 1.297 | 0.810
  810 | Piedmont             |   3 | 0.637 | 0.840 | 1.319 | 0.826
  811 | Rosemont             |   3 | 0.636 | 0.796 | 1.251 | 0.802
  812 | Methodist            |   3 | 0.636 | 0.849 | 1.335 | 0.824
  813 | Neumann              |   3 | 0.636 | 0.775 | 1.219 | 0.804
  814 | Luther               |   3 | 0.636 | 0.791 | 1.245 | 0.829
  815 | Dallas               |   3 | 0.635 | 0.814 | 1.281 | 0.808
  816 | Ripon                |   3 | 0.634 | 0.876 | 1.382 | 0.816
  817 | Drew                 |   3 | 0.634 | 0.874 | 1.379 | 0.814
  818 | SUNY New Paltz       |   3 | 0.633 | 0.778 | 1.229 | 0.820
  819 | Salem St.            |   3 | 0.633 | 0.801 | 1.265 | 0.827
  820 | Lakeland             |   3 | 0.632 | 0.844 | 1.335 | 0.800
  821 | Lawrence             |   3 | 0.632 | 0.803 | 1.272 | 0.808
  822 | William Peace        |   3 | 0.632 | 0.876 | 1.387 | 0.829
  823 | Plymouth St.         |   3 | 0.631 | 0.778 | 1.233 | 0.827
  824 | Medaille             |   3 | 0.631 | 0.846 | 1.340 | 0.796
  825 | St. Joseph's (L.I.)  |   3 | 0.630 | 0.823 | 1.307 | 0.798
  826 | Notre Dame de Namur  |   2 | 0.630 | 0.744 | 1.180 | 0.899
  827 | Pacific Lutheran     |   3 | 0.629 | 0.713 | 1.134 | 0.823
  828 | Erskine              |   2 | 0.629 | 0.727 | 1.154 | 0.878
  829 | Widener              |   3 | 0.629 | 0.780 | 1.241 | 0.827
  830 | Spalding             |   3 | 0.628 | 0.734 | 1.170 | 0.811
  831 | Roanoke              |   3 | 0.628 | 0.914 | 1.455 | 0.834
  832 | Sewanee              |   3 | 0.628 | 0.721 | 1.149 | 0.818
  833 | Greenville           |   3 | 0.626 | 0.850 | 1.357 | 0.803
  834 | Bridgewater (VA)     |   3 | 0.625 | 0.751 | 1.202 | 0.835
  835 | Stevens              |   3 | 0.625 | 0.774 | 1.240 | 0.816
  836 | Lancaster Bible      |   3 | 0.625 | 0.777 | 1.243 | 0.767
  837 | Colorado Col.        |   3 | 0.625 | 0.777 | 1.244 | 0.836
  838 | Wash. & Lee          |   3 | 0.624 | 0.782 | 1.253 | 0.840
  839 | Edgewood             |   3 | 0.624 | 0.825 | 1.324 | 0.811
  840 | St. Joseph's (ME)    |   3 | 0.624 | 0.761 | 1.220 | 0.790
  841 | St. Lawrence         |   3 | 0.622 | 0.812 | 1.306 | 0.819
  842 | Oberlin              |   3 | 0.622 | 0.758 | 1.219 | 0.827
  843 | Mt. St. Vincent      |   3 | 0.621 | 0.835 | 1.346 | 0.803
  844 | Hilbert              |   3 | 0.621 | 0.865 | 1.393 | 0.788
  845 | Loras                |   3 | 0.621 | 0.824 | 1.327 | 0.842
  846 | Husson               |   3 | 0.619 | 0.880 | 1.421 | 0.787
  847 | Pomona-Pitzer        |   3 | 0.618 | 0.758 | 1.226 | 0.824
  848 | Kenyon               |   3 | 0.618 | 0.815 | 1.317 | 0.831
  849 | Wilkes               |   3 | 0.617 | 0.840 | 1.362 | 0.814
  850 | Wentworth            |   3 | 0.617 | 0.674 | 1.092 | 0.803
  851 | Rochester Inst.      |   3 | 0.616 | 0.810 | 1.316 | 0.812
  852 | Becker               |   3 | 0.616 | 0.763 | 1.238 | 0.793
  853 | Merchant Marine      |   3 | 0.616 | 0.788 | 1.278 | 0.831
  854 | Muhlenberg           |   3 | 0.616 | 0.824 | 1.339 | 0.817
  855 | Sul Ross St.         |   3 | 0.615 | 0.847 | 1.379 | 0.847
  856 | Juniata              |   3 | 0.615 | 0.702 | 1.143 | 0.817
  857 | LaGrange             |   3 | 0.615 | 0.898 | 1.460 | 0.815
  858 | Thiel                |   3 | 0.614 | 0.733 | 1.194 | 0.822
  859 | Willamette           |   3 | 0.614 | 0.793 | 1.293 | 0.831
  860 | Wis.-Stout           |   3 | 0.613 | 0.827 | 1.351 | 0.856
  861 | Immaculata           |   3 | 0.613 | 0.772 | 1.259 | 0.816
  862 | Marywood             |   3 | 0.613 | 0.805 | 1.314 | 0.803
  863 | Purchase             |   3 | 0.612 | 0.819 | 1.339 | 0.809
  864 | Regis (MA)           |   3 | 0.611 | 0.742 | 1.214 | 0.793
  865 | Emerson              |   3 | 0.611 | 0.750 | 1.228 | 0.826
  866 | Keystone             |   3 | 0.610 | 0.924 | 1.514 | 0.816
  867 | Montclair St.        |   3 | 0.609 | 0.838 | 1.376 | 0.834
  868 | Rust                 |   3 | 0.609 | 0.832 | 1.365 | 0.821
  869 | Elizabethtown        |   3 | 0.609 | 0.734 | 1.205 | 0.825
  870 | MacMurray            |   3 | 0.608 | 0.858 | 1.411 | 0.825
  871 | Okla. Panhandle      |   2 | 0.607 | 0.845 | 1.394 | 0.912
  872 | Centenary (NJ)       |   3 | 0.607 | 0.761 | 1.254 | 0.807
  873 | Yeshiva              |   3 | 0.606 | 0.800 | 1.321 | 0.801
  874 | Frostburg St.        |   3 | 0.604 | 0.799 | 1.323 | 0.836
  875 | Pitt.-Bradford       |   3 | 0.603 | 0.802 | 1.329 | 0.797
  876 | Muskingum            |   3 | 0.603 | 0.834 | 1.383 | 0.839
  877 | Mary Washington      |   3 | 0.602 | 0.751 | 1.247 | 0.837
  878 | Nazareth             |   3 | 0.602 | 0.805 | 1.336 | 0.827
  879 | Wis. Lutheran        |   3 | 0.602 | 0.775 | 1.287 | 0.799
  880 | Allegheny            |   3 | 0.602 | 0.768 | 1.276 | 0.836
  881 | Simpson              |   3 | 0.601 | 0.762 | 1.267 | 0.846
  882 | Hiram                |   3 | 0.601 | 0.804 | 1.338 | 0.821
  883 | MCLA                 |   3 | 0.601 | 0.796 | 1.324 | 0.833
  884 | Trinity (TX)         |   3 | 0.600 | 0.778 | 1.298 | 0.847
  885 | Gordon               |   3 | 0.600 | 0.743 | 1.238 | 0.804
  886 | MSOE                 |   3 | 0.600 | 0.791 | 1.319 | 0.805
  887 | Ozarks (AR)          |   3 | 0.599 | 0.845 | 1.411 | 0.839
  888 | Old Westbury         |   3 | 0.598 | 0.795 | 1.330 | 0.812
  889 | Clark (MA)           |   3 | 0.598 | 0.776 | 1.297 | 0.825
  890 | Connecticut Col.     |   3 | 0.598 | 0.815 | 1.363 | 0.834
  891 | Lasell               |   3 | 0.597 | 0.789 | 1.323 | 0.814
  892 | Swarthmore           |   3 | 0.597 | 0.800 | 1.341 | 0.821
  893 | Fontbonne            |   3 | 0.596 | 0.792 | 1.328 | 0.814
  894 | Pitt.-Greensburg     |   3 | 0.596 | 0.935 | 1.567 | 0.792
  895 | Ferrum               |   3 | 0.596 | 0.750 | 1.257 | 0.828
  896 | Elms                 |   3 | 0.596 | 0.781 | 1.310 | 0.806
  897 | Eastern              |   3 | 0.595 | 0.852 | 1.432 | 0.814
  898 | Elmira               |   3 | 0.595 | 0.765 | 1.287 | 0.822
  899 | McMurry              |   3 | 0.593 | 0.785 | 1.323 | 0.891
  900 | Ithaca               |   3 | 0.592 | 0.908 | 1.534 | 0.825
  901 | Kalamazoo            |   3 | 0.592 | 0.723 | 1.222 | 0.853
  902 | Pine Manor           |   3 | 0.591 | 0.928 | 1.570 | 0.820
  903 | Rensselaer           |   3 | 0.591 | 0.751 | 1.270 | 0.831
  904 | Kean                 |   3 | 0.591 | 0.775 | 1.312 | 0.843
  905 | King's (PA)          |   3 | 0.591 | 0.720 | 1.218 | 0.821
  906 | Olivet               |   3 | 0.589 | 0.828 | 1.406 | 0.853
  907 | Southern Me.         |   3 | 0.588 | 0.736 | 1.250 | 0.839
  908 | Me.-Presque Isle     |   3 | 0.586 | 0.757 | 1.292 | 0.798
  909 | Mitchell             |   3 | 0.586 | 0.904 | 1.544 | 0.798
  910 | Shenandoah           |   3 | 0.585 | 0.829 | 1.417 | 0.829
  911 | Manhattanville       |   3 | 0.585 | 0.795 | 1.359 | 0.818
  912 | Franklin             |   3 | 0.584 | 0.861 | 1.474 | 0.832
  913 | George Fox           |   3 | 0.583 | 0.907 | 1.557 | 0.830
  914 | Texas-Tyler          |   3 | 0.583 | 0.806 | 1.383 | 0.839
  915 | Pacific (OR)         |   3 | 0.581 | 0.727 | 1.250 | 0.822
  916 | Hunter               |   3 | 0.581 | 0.741 | 1.275 | 0.809
  917 | Emory & Henry        |   3 | 0.581 | 0.818 | 1.407 | 0.839
  918 | CCNY                 |   3 | 0.580 | 0.789 | 1.361 | 0.815
  919 | Eureka               |   3 | 0.580 | 0.743 | 1.281 | 0.815
  920 | John Jay             |   3 | 0.579 | 0.788 | 1.362 | 0.820
  921 | Beloit               |   3 | 0.578 | 0.738 | 1.276 | 0.823
  922 | Redlands             |   3 | 0.577 | 0.717 | 1.244 | 0.822
  923 | Berry                |   3 | 0.576 | 0.824 | 1.429 | 0.827
  924 | Western New Eng.     |   3 | 0.575 | 0.746 | 1.298 | 0.811
  925 | Cobleskill St.       |   3 | 0.575 | 0.706 | 1.229 | 0.779
  926 | Minn.-Morris         |   3 | 0.573 | 0.788 | 1.376 | 0.782
  927 | Ursinus              |   3 | 0.573 | 0.756 | 1.320 | 0.824
  928 | Manchester           |   3 | 0.573 | 0.777 | 1.356 | 0.827
  929 | Gallaudet            |   3 | 0.571 | 0.717 | 1.255 | 0.767
  930 | Belmont Abbey        |   2 | 0.571 | 0.783 | 1.373 | 0.878
  931 | Macalester           |   3 | 0.570 | 0.683 | 1.199 | 0.843
  932 | Castleton            |   3 | 0.569 | 0.826 | 1.452 | 0.786
  933 | La Verne             |   3 | 0.569 | 0.701 | 1.231 | 0.824
  934 | Worcester St.        |   3 | 0.569 | 0.693 | 1.217 | 0.821
  935 | Occidental           |   3 | 0.569 | 0.846 | 1.488 | 0.815
  936 | North Central (MN)   |   3 | 0.569 | 0.809 | 1.420 | 0.789
  937 | Roger Williams       |   3 | 0.568 | 0.691 | 1.216 | 0.809
  938 | Geneva               |   3 | 0.568 | 0.770 | 1.356 | 0.805
  939 | LeTourneau           |   3 | 0.566 | 0.743 | 1.313 | 0.837
  940 | Utica                |   3 | 0.566 | 0.800 | 1.414 | 0.816
  941 | Otterbein            |   3 | 0.566 | 0.765 | 1.351 | 0.853
  942 | Penn St. Harrisburg  |   3 | 0.565 | 0.757 | 1.339 | 0.837
  943 | Framingham St.       |   3 | 0.563 | 0.646 | 1.148 | 0.822
  944 | Rockford             |   3 | 0.563 | 0.832 | 1.478 | 0.804
  945 | York (PA)            |   3 | 0.561 | 0.753 | 1.342 | 0.831
  946 | Westminster (PA)     |   3 | 0.561 | 0.769 | 1.372 | 0.818
  947 | Vassar               |   3 | 0.561 | 0.726 | 1.295 | 0.832
  948 | SUNY Poly            |   3 | 0.560 | 0.718 | 1.282 | 0.786
  949 | Hendrix              |   3 | 0.559 | 0.760 | 1.358 | 0.828
  950 | Grove City           |   3 | 0.559 | 0.719 | 1.287 | 0.804
  951 | Lyndon St.           |   3 | 0.558 | 0.761 | 1.365 | 0.789
  952 | Washington Col.      |   3 | 0.558 | 0.797 | 1.427 | 0.832
  953 | Salve Regina         |   3 | 0.556 | 0.775 | 1.395 | 0.817
  954 | Finlandia            |   3 | 0.556 | 0.776 | 1.396 | 0.829
  955 | Carroll (WI)         |   3 | 0.555 | 0.698 | 1.256 | 0.818
  956 | Millsaps             |   3 | 0.553 | 0.697 | 1.260 | 0.825
  957 | Cornell College      |   3 | 0.553 | 0.697 | 1.259 | 0.805
  958 | D'Youville           |   3 | 0.551 | 0.797 | 1.447 | 0.803
  959 | Emmanuel (MA)        |   3 | 0.550 | 0.722 | 1.314 | 0.805
  960 | St. Scholastica      |   3 | 0.550 | 0.734 | 1.334 | 0.789
  961 | Keuka                |   3 | 0.549 | 0.713 | 1.298 | 0.779
  962 | Huntingdon           |   3 | 0.548 | 0.794 | 1.449 | 0.822
  963 | Goucher              |   3 | 0.548 | 0.790 | 1.442 | 0.838
  964 | Saint Mary's (MN)    |   3 | 0.547 | 0.745 | 1.362 | 0.849
  965 | UC Santa Cruz        |   3 | 0.547 | 0.642 | 1.176 | 0.818
  966 | SUNY Potsdam         |   3 | 0.546 | 0.749 | 1.370 | 0.832
  967 | Medgar Evers         |   3 | 0.546 | 0.773 | 1.416 | 0.819
  968 | Fredonia             |   3 | 0.545 | 0.740 | 1.357 | 0.833
  969 | Coast Guard          |   3 | 0.545 | 0.704 | 1.292 | 0.827
  970 | U New England        |   3 | 0.544 | 0.721 | 1.325 | 0.815
  971 | Cazenovia            |   3 | 0.543 | 0.808 | 1.489 | 0.784
  972 | FDU-Florham          |   3 | 0.543 | 0.777 | 1.433 | 0.823
  973 | Haverford            |   3 | 0.541 | 0.776 | 1.435 | 0.828
  974 | Thomas (ME)          |   3 | 0.541 | 0.786 | 1.452 | 0.780
  975 | Moravian             |   3 | 0.541 | 0.791 | 1.462 | 0.826
  976 | Farmingdale St.      |   3 | 0.541 | 0.703 | 1.300 | 0.807
  977 | Morrisville St.      |   3 | 0.541 | 0.775 | 1.433 | 0.789
  978 | Concordia Chicago    |   3 | 0.539 | 0.794 | 1.474 | 0.802
  979 | Daniel Webster       |   3 | 0.538 | 0.754 | 1.402 | 0.791
  980 | Mount Aloysius       |   3 | 0.537 | 0.824 | 1.534 | 0.786
  981 | Mt. St. Mary (NY)    |   3 | 0.535 | 0.719 | 1.345 | 0.807
  982 | Maranatha Baptist    |   3 | 0.533 | 0.762 | 1.429 | 0.771
  983 | Illinois Col.        |   3 | 0.532 | 0.771 | 1.449 | 0.809
  984 | SUNY Maritime        |   3 | 0.532 | 0.711 | 1.335 | 0.805
  985 | Dominican (IL)       |   3 | 0.531 | 0.736 | 1.386 | 0.813
  986 | Caltech              |   3 | 0.530 | 0.703 | 1.325 | 0.815
  987 | Mount Ida            |   3 | 0.529 | 0.744 | 1.405 | 0.803
  988 | Wheaton (MA)         |   3 | 0.529 | 0.774 | 1.463 | 0.825
  989 | Northland            |   3 | 0.529 | 0.686 | 1.297 | 0.804
  990 | Westminster (MO)     |   3 | 0.528 | 0.700 | 1.325 | 0.819
  991 | New England Col.     |   3 | 0.527 | 0.834 | 1.583 | 0.769
  992 | Suffolk              |   3 | 0.526 | 0.789 | 1.500 | 0.796
  993 | Wheelock             |   3 | 0.524 | 0.817 | 1.560 | 0.797
  994 | Wells                |   3 | 0.520 | 0.679 | 1.306 | 0.790
  995 | Curry                |   3 | 0.520 | 0.721 | 1.387 | 0.823
  996 | Me.-Farmington       |   3 | 0.519 | 0.684 | 1.319 | 0.789
  997 | Linfield             |   3 | 0.518 | 0.674 | 1.300 | 0.832
  998 | Penn St.-Abington    |   3 | 0.513 | 0.806 | 1.571 | 0.776
  999 | Principia            |   3 | 0.512 | 0.709 | 1.384 | 0.808
 1000 | Knox                 |   3 | 0.511 | 0.728 | 1.425 | 0.819
 1001 | Green Mountain       |   3 | 0.510 | 0.797 | 1.561 | 0.779
 1002 | Franciscan           |   3 | 0.509 | 0.653 | 1.283 | 0.795
 1003 | La Roche             |   3 | 0.507 | 0.661 | 1.304 | 0.800
 1004 | Penn St.-Altoona     |   3 | 0.505 | 0.672 | 1.331 | 0.789
 1005 | Newbury              |   3 | 0.500 | 0.726 | 1.452 | 0.821
 1006 | Penn St.-Berks       |   3 | 0.499 | 0.775 | 1.555 | 0.789
 1007 | Cairn                |   3 | 0.496 | 0.646 | 1.302 | 0.808
 1008 | Norwich              |   3 | 0.494 | 0.686 | 1.388 | 0.801
 1009 | Martin Luther        |   3 | 0.488 | 0.705 | 1.446 | 0.783
 1010 | Earlham              |   3 | 0.486 | 0.705 | 1.450 | 0.839
 1011 | Rivier               |   3 | 0.482 | 0.683 | 1.416 | 0.803
 1012 | Maine Maritime       |   3 | 0.479 | 0.679 | 1.417 | 0.784
 1013 | Baptist Bible (PA)   |   3 | 0.477 | 0.707 | 1.482 | 0.821
 1014 | Bethany Lutheran     |   3 | 0.475 | 0.689 | 1.449 | 0.808
 1015 | Wilson               |   3 | 0.473 | 0.776 | 1.639 | 0.777
 1016 | Crown (MN)           |   3 | 0.473 | 0.726 | 1.535 | 0.787
 1017 | Wash. & Jeff.        |   3 | 0.471 | 0.684 | 1.452 | 0.825
 1018 | Lesley               |   3 | 0.470 | 0.647 | 1.376 | 0.793
 1019 | Johnson St.          |   3 | 0.470 | 0.719 | 1.529 | 0.787
(1019 rows)

COMMIT
