BEGIN
CREATE TABLE
INSERT 0 1028
  rk  |        school        | div |  str  |  ofs  |  dfs  |  sos  
------+----------------------+-----+-------+-------+-------+-------
    1 | Ohio St.             |   1 | 1.401 | 1.178 | 0.841 | 1.048
    2 | Kansas               |   1 | 1.386 | 1.248 | 0.901 | 1.044
    3 | Duke                 |   1 | 1.381 | 1.243 | 0.900 | 1.047
    4 | Purdue               |   1 | 1.339 | 1.147 | 0.857 | 1.049
    5 | Texas                |   1 | 1.338 | 1.139 | 0.851 | 1.046
    6 | Pittsburgh           |   1 | 1.329 | 1.148 | 0.864 | 1.047
    7 | BYU                  |   1 | 1.328 | 1.260 | 0.949 | 1.036
    8 | Wisconsin            |   1 | 1.307 | 1.062 | 0.812 | 1.053
    9 | Kentucky             |   1 | 1.303 | 1.185 | 0.909 | 1.050
   10 | Washington           |   1 | 1.277 | 1.279 | 1.002 | 1.043
   11 | Syracuse             |   1 | 1.272 | 1.118 | 0.879 | 1.050
   12 | San Diego St.        |   1 | 1.269 | 1.083 | 0.853 | 1.032
   13 | North Carolina       |   1 | 1.261 | 1.172 | 0.929 | 1.059
   14 | Louisville           |   1 | 1.256 | 1.129 | 0.899 | 1.048
   15 | Maryland             |   1 | 1.250 | 1.158 | 0.926 | 1.034
   16 | Notre Dame           |   1 | 1.249 | 1.145 | 0.917 | 1.049
   17 | Arizona              |   1 | 1.242 | 1.155 | 0.930 | 1.045
   18 | Villanova            |   1 | 1.242 | 1.139 | 0.917 | 1.048
   19 | West Virginia        |   1 | 1.239 | 1.079 | 0.871 | 1.066
   20 | Georgetown           |   1 | 1.238 | 1.116 | 0.902 | 1.061
   21 | Vanderbilt           |   1 | 1.237 | 1.169 | 0.945 | 1.040
   22 | Illinois             |   1 | 1.234 | 1.120 | 0.908 | 1.064
   23 | Belmont              |   1 | 1.232 | 1.156 | 0.938 | 0.978
   24 | Missouri             |   1 | 1.231 | 1.223 | 0.993 | 1.034
   25 | Cincinnati           |   1 | 1.229 | 1.043 | 0.848 | 1.034
   26 | Utah St.             |   1 | 1.229 | 1.047 | 0.852 | 1.007
   27 | UNLV                 |   1 | 1.227 | 1.098 | 0.894 | 1.036
   28 | Connecticut          |   1 | 1.224 | 1.131 | 0.924 | 1.061
   29 | George Mason         |   1 | 1.215 | 1.107 | 0.911 | 1.010
   30 | Marquette            |   1 | 1.213 | 1.167 | 0.962 | 1.049
   31 | Florida              |   1 | 1.213 | 1.073 | 0.885 | 1.046
   32 | Virginia Tech        |   1 | 1.210 | 1.073 | 0.887 | 1.035
   33 | Kansas St.           |   1 | 1.202 | 1.105 | 0.919 | 1.047
   34 | Gonzaga              |   1 | 1.200 | 1.112 | 0.926 | 1.019
   35 | Temple               |   1 | 1.200 | 1.049 | 0.874 | 1.024
   36 | St. Johns (NY)       |   1 | 1.199 | 1.084 | 0.904 | 1.057
   37 | Clemson              |   1 | 1.188 | 1.026 | 0.864 | 1.038
   38 | Texas A&M            |   1 | 1.187 | 1.040 | 0.876 | 1.033
   39 | St. Marys (CA)       |   1 | 1.187 | 1.150 | 0.969 | 1.010
   40 | Alabama              |   1 | 1.181 | 0.998 | 0.845 | 1.023
   41 | Washington St.       |   1 | 1.178 | 1.102 | 0.935 | 1.036
   42 | Florida St.          |   1 | 1.175 | 1.047 | 0.891 | 1.035
   43 | Nebraska             |   1 | 1.173 | 1.005 | 0.857 | 1.027
   44 | UCLA                 |   1 | 1.171 | 1.082 | 0.924 | 1.045
   45 | Xavier               |   1 | 1.168 | 1.102 | 0.944 | 1.025
   46 | Southern California  |   1 | 1.167 | 1.008 | 0.864 | 1.045
   47 | Michigan             |   1 | 1.167 | 1.028 | 0.881 | 1.061
   48 | Michigan St.         |   1 | 1.167 | 1.072 | 0.919 | 1.063
   49 | Duquesne             |   1 | 1.167 | 1.147 | 0.982 | 1.006
   50 | Minnesota            |   1 | 1.163 | 1.088 | 0.935 | 1.055
   51 | Tennessee            |   1 | 1.161 | 1.074 | 0.925 | 1.050
   52 | Richmond             |   1 | 1.161 | 1.064 | 0.917 | 1.017
   53 | Wichita St.          |   1 | 1.157 | 1.089 | 0.942 | 1.006
   54 | Baylor               |   1 | 1.157 | 1.058 | 0.915 | 1.027
   55 | New Mexico           |   1 | 1.156 | 1.087 | 0.940 | 1.025
   56 | Butler               |   1 | 1.152 | 1.086 | 0.943 | 1.029
   57 | Penn St.             |   1 | 1.152 | 1.015 | 0.881 | 1.068
   58 | UAB                  |   1 | 1.151 | 1.032 | 0.897 | 1.016
   59 | Old Dominion         |   1 | 1.149 | 0.977 | 0.851 | 1.012
   60 | Georgia              |   1 | 1.142 | 1.050 | 0.920 | 1.035
   61 | Boston College       |   1 | 1.139 | 1.100 | 0.966 | 1.043
   62 | Southern Miss.       |   1 | 1.135 | 1.098 | 0.967 | 1.009
   63 | Colorado             |   1 | 1.135 | 1.159 | 1.022 | 1.030
   64 | UTEP                 |   1 | 1.131 | 1.051 | 0.929 | 1.012
   65 | Miami (FL)           |   1 | 1.129 | 1.084 | 0.961 | 1.037
   66 | Northwestern         |   1 | 1.128 | 1.100 | 0.975 | 1.043
   67 | Iowa St.             |   1 | 1.126 | 1.112 | 0.987 | 1.026
   68 | Indiana              |   1 | 1.124 | 1.081 | 0.962 | 1.043
   69 | Cleveland St.        |   1 | 1.124 | 1.050 | 0.934 | 1.009
   70 | Seton Hall           |   1 | 1.124 | 1.027 | 0.914 | 1.054
   71 | California           |   1 | 1.123 | 1.115 | 0.993 | 1.052
   72 | UCF                  |   1 | 1.121 | 1.034 | 0.922 | 1.008
   73 | Colorado St.         |   1 | 1.120 | 1.092 | 0.975 | 1.026
   74 | Missouri St.         |   1 | 1.117 | 1.054 | 0.944 | 1.005
   75 | Mississippi          |   1 | 1.117 | 1.117 | 1.000 | 1.023
   76 | Oakland              |   1 | 1.109 | 1.223 | 1.103 | 1.003
   77 | Iona                 |   1 | 1.107 | 1.157 | 1.046 | 0.992
   78 | West Liberty         |   2 | 1.105 | 1.367 | 1.237 | 0.909
   79 | Col. of Charleston   |   1 | 1.101 | 1.118 | 1.015 | 0.999
   80 | Iowa                 |   1 | 1.099 | 1.037 | 0.944 | 1.049
   81 | Providence           |   1 | 1.096 | 1.165 | 1.063 | 1.037
   82 | Marshall             |   1 | 1.095 | 1.051 | 0.960 | 1.007
   83 | Oklahoma St.         |   1 | 1.094 | 1.043 | 0.953 | 1.043
   84 | North Carolina St.   |   1 | 1.094 | 1.084 | 0.990 | 1.039
   85 | Rutgers              |   1 | 1.090 | 1.014 | 0.931 | 1.040
   86 | Drexel               |   1 | 1.086 | 0.937 | 0.863 | 1.001
   87 | Stanford             |   1 | 1.086 | 0.996 | 0.917 | 1.027
   88 | Boise St.            |   1 | 1.085 | 1.086 | 1.001 | 0.999
   89 | Georgia Tech         |   1 | 1.084 | 1.046 | 0.965 | 1.032
   90 | Memphis              |   1 | 1.083 | 1.074 | 0.992 | 1.022
   91 | Harvard              |   1 | 1.081 | 1.041 | 0.964 | 0.987
   92 | VCU                  |   1 | 1.080 | 1.075 | 0.996 | 1.026
   93 | Arkansas             |   1 | 1.078 | 1.042 | 0.966 | 1.014
   94 | Fairfield            |   1 | 1.077 | 0.959 | 0.890 | 0.981
   95 | Portland             |   1 | 1.075 | 1.052 | 0.979 | 1.010
   96 | Coastal Caro.        |   1 | 1.074 | 1.055 | 0.982 | 0.960
   97 | Tulsa                |   1 | 1.071 | 1.059 | 0.988 | 1.020
   98 | Oregon               |   1 | 1.071 | 1.038 | 0.969 | 1.034
   99 | Long Beach St.       |   1 | 1.069 | 1.087 | 1.016 | 1.007
  100 | Buffalo              |   1 | 1.068 | 1.040 | 0.974 | 0.987
  101 | Bucknell             |   1 | 1.067 | 1.011 | 0.947 | 0.981
  102 | James Madison        |   1 | 1.066 | 1.078 | 1.011 | 1.003
  103 | Valparaiso           |   1 | 1.066 | 1.040 | 0.975 | 1.010
  104 | Dayton               |   1 | 1.064 | 1.014 | 0.954 | 1.021
  105 | Montana              |   1 | 1.064 | 0.957 | 0.900 | 0.992
  106 | Princeton            |   1 | 1.063 | 1.003 | 0.944 | 0.987
  107 | Wofford              |   1 | 1.061 | 1.068 | 1.007 | 0.997
  108 | Rhode Island         |   1 | 1.057 | 1.035 | 0.979 | 1.012
  109 | Rider                |   1 | 1.056 | 1.082 | 1.024 | 0.988
  110 | South Dakota St.     |   1 | 1.055 | 1.145 | 1.085 | 0.976
  111 | Pacific              |   1 | 1.053 | 0.949 | 0.902 | 0.994
  112 | Morehead St.         |   1 | 1.050 | 0.990 | 0.942 | 0.987
  113 | Vermont              |   1 | 1.050 | 0.997 | 0.950 | 0.973
  114 | South Carolina       |   1 | 1.049 | 1.038 | 0.989 | 1.032
  115 | Creighton            |   1 | 1.048 | 1.012 | 0.966 | 1.006
  116 | UNI                  |   1 | 1.048 | 0.946 | 0.903 | 1.003
  117 | East Tenn. St.       |   1 | 1.048 | 0.988 | 0.943 | 0.991
  118 | Indiana St.          |   1 | 1.046 | 1.013 | 0.968 | 1.007
  119 | South Fla.           |   1 | 1.046 | 0.951 | 0.910 | 1.053
  120 | Northern Colo.       |   1 | 1.046 | 1.037 | 0.991 | 0.992
  121 | Virginia             |   1 | 1.043 | 0.922 | 0.883 | 1.036
  122 | Utah                 |   1 | 1.042 | 1.038 | 0.996 | 1.036
  123 | Murray St.           |   1 | 1.041 | 0.960 | 0.922 | 0.978
  124 | Long Island          |   1 | 1.041 | 1.170 | 1.123 | 0.971
  125 | Wright St.           |   1 | 1.040 | 0.946 | 0.910 | 0.999
  126 | Northern Ariz.       |   1 | 1.040 | 1.036 | 0.996 | 0.982
  127 | New Mexico St.       |   1 | 1.039 | 1.065 | 1.026 | 1.011
  128 | Akron                |   1 | 1.038 | 1.016 | 0.978 | 0.988
  129 | Weber St.            |   1 | 1.037 | 1.034 | 0.996 | 0.989
  130 | Kent St.             |   1 | 1.037 | 1.025 | 0.989 | 1.002
  131 | Austin Peay          |   1 | 1.036 | 1.051 | 1.015 | 0.977
  132 | Davidson             |   1 | 1.035 | 1.032 | 0.997 | 0.986
  133 | Arizona St.          |   1 | 1.035 | 0.963 | 0.930 | 1.042
  134 | Texas Tech           |   1 | 1.034 | 1.107 | 1.071 | 1.037
  135 | St. Louis            |   1 | 1.033 | 0.928 | 0.898 | 1.015
  136 | Loyola (IL)          |   1 | 1.029 | 1.012 | 0.984 | 0.993
  137 | Mississippi St.      |   1 | 1.029 | 1.041 | 1.012 | 1.023
  138 | Stephen F. Austin    |   1 | 1.027 | 0.902 | 0.879 | 0.959
  139 | Oklahoma             |   1 | 1.026 | 0.997 | 0.972 | 1.035
  140 | Tarleton St.         |   2 | 1.026 | 0.874 | 0.852 | 0.935
  141 | Air Force            |   1 | 1.025 | 0.956 | 0.932 | 1.014
  142 | St. Bonaventure      |   1 | 1.024 | 1.035 | 1.011 | 1.012
  143 | Idaho                |   1 | 1.024 | 0.987 | 0.963 | 0.997
  144 | Detroit              |   1 | 1.022 | 1.094 | 1.071 | 1.004
  145 | Oral Roberts         |   1 | 1.021 | 1.075 | 1.052 | 0.995
  146 | Robert Morris        |   1 | 1.020 | 0.963 | 0.944 | 0.988
  147 | IUPUI                |   1 | 1.018 | 1.005 | 0.987 | 0.997
  148 | UC Santa Barbara     |   1 | 1.017 | 0.993 | 0.976 | 1.004
  149 | Rice                 |   1 | 1.014 | 1.003 | 0.990 | 1.015
  150 | Hofstra              |   1 | 1.013 | 1.043 | 1.029 | 1.001
  151 | Massachusetts        |   1 | 1.013 | 0.979 | 0.966 | 1.011
  152 | Furman               |   1 | 1.010 | 0.980 | 0.971 | 0.980
  153 | East Carolina        |   1 | 1.010 | 1.018 | 1.008 | 1.004
  154 | Green Bay            |   1 | 1.009 | 1.009 | 1.000 | 1.011
  155 | Lipscomb             |   1 | 1.009 | 1.097 | 1.087 | 0.986
  156 | Bellarmine           |   2 | 1.008 | 1.083 | 1.074 | 0.934
  157 | Oregon St.           |   1 | 1.007 | 1.046 | 1.039 | 1.029
  158 | Milwaukee            |   1 | 1.007 | 1.022 | 1.015 | 1.015
  159 | Hawaii               |   1 | 1.006 | 0.986 | 0.981 | 0.995
  160 | Ball St.             |   1 | 1.005 | 0.962 | 0.957 | 0.973
  161 | Nevada               |   1 | 1.004 | 1.031 | 1.027 | 1.013
  162 | Santa Clara          |   1 | 1.001 | 1.047 | 1.046 | 1.000
  163 | UNC Asheville        |   1 | 1.001 | 1.053 | 1.052 | 0.986
  164 | Tulane               |   1 | 1.001 | 0.990 | 0.989 | 0.987
  165 | Central Conn. St.    |   1 | 0.998 | 0.996 | 0.998 | 0.970
  166 | North Dakota St.     |   1 | 0.998 | 1.059 | 1.061 | 0.982
  167 | Fresno St.           |   1 | 0.998 | 0.968 | 0.970 | 1.007
  168 | Jacksonville         |   1 | 0.998 | 0.993 | 0.995 | 0.979
  169 | SMU                  |   1 | 0.997 | 0.946 | 0.949 | 0.995
  170 | Fla. Atlantic        |   1 | 0.996 | 0.963 | 0.967 | 0.988
  171 | Cal Poly             |   1 | 0.992 | 0.851 | 0.858 | 0.986
  172 | St. Peters           |   1 | 0.991 | 0.893 | 0.901 | 0.999
  173 | Canisius             |   1 | 0.990 | 0.988 | 0.998 | 0.985
  174 | Ohio                 |   1 | 0.990 | 1.085 | 1.095 | 0.995
  175 | San Francisco        |   1 | 0.990 | 0.983 | 0.992 | 1.010
  176 | Midwestern St.       |   2 | 0.990 | 0.997 | 1.007 | 0.943
  177 | TCU                  |   1 | 0.989 | 1.006 | 1.017 | 1.026
  178 | Quinnipiac           |   1 | 0.988 | 1.027 | 1.039 | 0.969
  179 | La Salle             |   1 | 0.987 | 1.132 | 1.146 | 1.013
  180 | San Jose St.         |   1 | 0.986 | 1.067 | 1.082 | 0.997
  181 | IPFW                 |   1 | 0.986 | 1.016 | 1.031 | 0.974
  182 | Boston U.            |   1 | 0.985 | 0.961 | 0.975 | 0.981
  183 | Western Mich.        |   1 | 0.985 | 1.029 | 1.044 | 0.978
  184 | George Washington    |   1 | 0.985 | 0.950 | 0.964 | 1.003
  185 | Penn                 |   1 | 0.982 | 0.979 | 0.997 | 0.994
  186 | Loyola Maryland      |   1 | 0.981 | 0.995 | 1.014 | 0.985
  187 | Evansville           |   1 | 0.981 | 0.987 | 1.006 | 1.000
  188 | Wis.-Stevens Point   |   3 | 0.981 | 0.972 | 0.991 | 0.867
  189 | Wyoming              |   1 | 0.980 | 0.963 | 0.983 | 1.014
  190 | American             |   1 | 0.977 | 0.939 | 0.960 | 0.971
  191 | Arkansas St.         |   1 | 0.977 | 0.969 | 0.991 | 0.984
  192 | Western Caro.        |   1 | 0.977 | 0.991 | 1.014 | 0.987
  193 | Sam Houston St.      |   1 | 0.976 | 1.001 | 1.025 | 0.983
  194 | North Texas          |   1 | 0.976 | 1.072 | 1.098 | 0.970
  195 | Central Okla.        |   2 | 0.976 | 1.054 | 1.080 | 0.926
  196 | Southern Ind.        |   2 | 0.975 | 1.007 | 1.032 | 0.932
  197 | DePaul               |   1 | 0.974 | 1.042 | 1.070 | 1.043
  198 | Middle Tenn.         |   1 | 0.974 | 0.981 | 1.008 | 0.979
  199 | Yale                 |   1 | 0.973 | 0.972 | 0.999 | 0.988
  200 | McNeese St.          |   1 | 0.970 | 1.012 | 1.043 | 0.978
  201 | Charlotte            |   1 | 0.970 | 1.004 | 1.036 | 1.013
  202 | Nicholls St.         |   1 | 0.969 | 0.900 | 0.929 | 0.982
  203 | Siena                |   1 | 0.968 | 1.006 | 1.039 | 0.995
  204 | Miami (OH)           |   1 | 0.967 | 0.985 | 1.018 | 1.015
  205 | VMI                  |   1 | 0.967 | 1.198 | 1.239 | 0.972
  206 | Delaware             |   1 | 0.967 | 0.949 | 0.981 | 1.003
  207 | Houston              |   1 | 0.966 | 0.994 | 1.029 | 1.005
  208 | Northeastern         |   1 | 0.965 | 1.005 | 1.041 | 1.011
  209 | St. Josephs          |   1 | 0.965 | 0.972 | 1.008 | 1.023
  210 | Maine                |   1 | 0.965 | 1.010 | 1.046 | 0.971
  211 | Bentley              |   2 | 0.963 | 0.934 | 0.970 | 0.933
  212 | LSU                  |   1 | 0.962 | 0.935 | 0.972 | 1.012
  213 | UC Irvine            |   1 | 0.962 | 1.083 | 1.126 | 0.989
  214 | Western Ky.          |   1 | 0.962 | 1.002 | 1.042 | 0.985
  215 | Appalachian St.      |   1 | 0.961 | 1.037 | 1.078 | 0.988
  216 | Mo. Southern St.     |   2 | 0.961 | 1.055 | 1.098 | 0.923
  217 | Stonehill            |   2 | 0.960 | 0.923 | 0.962 | 0.926
  218 | UNC Wilmington       |   1 | 0.955 | 0.945 | 0.990 | 0.999
  219 | Drake                |   1 | 0.954 | 0.960 | 1.006 | 1.002
  220 | Lehigh               |   1 | 0.954 | 1.054 | 1.105 | 0.971
  221 | Cornell              |   1 | 0.953 | 1.010 | 1.060 | 0.994
  222 | Lamar                |   1 | 0.953 | 1.078 | 1.132 | 0.969
  223 | Denver               |   1 | 0.953 | 0.857 | 0.900 | 0.984
  224 | Bradley              |   1 | 0.952 | 0.974 | 1.022 | 1.003
  225 | Mercer               |   1 | 0.951 | 0.975 | 1.024 | 0.989
  226 | Colorado Mines       |   2 | 0.950 | 0.999 | 1.052 | 0.917
  227 | Loyola Marymount     |   1 | 0.949 | 1.012 | 1.067 | 0.987
  228 | Charleston So.       |   1 | 0.948 | 0.991 | 1.046 | 0.978
  229 | Tennessee St.        |   1 | 0.947 | 0.989 | 1.044 | 0.972
  230 | St. Francis (NY)     |   1 | 0.946 | 0.953 | 1.008 | 0.971
  231 | Texas-Arlington      |   1 | 0.946 | 0.974 | 1.029 | 0.959
  232 | Liberty              |   1 | 0.945 | 0.944 | 0.998 | 0.976
  233 | Winthrop             |   1 | 0.945 | 0.930 | 0.985 | 0.980
  234 | Georgia St.          |   1 | 0.944 | 0.911 | 0.966 | 0.993
  235 | Pepperdine           |   1 | 0.944 | 1.012 | 1.072 | 1.001
  236 | Augusta St.          |   2 | 0.943 | 0.896 | 0.950 | 0.912
  237 | Northern Ky.         |   2 | 0.943 | 0.964 | 1.022 | 0.931
  238 | Hampton              |   1 | 0.943 | 0.920 | 0.975 | 0.951
  239 | Auburn               |   1 | 0.943 | 0.933 | 0.990 | 1.010
  240 | Louisiana Tech       |   1 | 0.942 | 0.936 | 0.994 | 0.998
  241 | La.-Lafayette        |   1 | 0.942 | 0.998 | 1.059 | 0.977
  242 | UALR                 |   1 | 0.942 | 0.960 | 1.019 | 0.985
  243 | West Tex. A&M        |   2 | 0.942 | 0.935 | 0.992 | 0.929
  244 | Southern Ill.        |   1 | 0.941 | 0.914 | 0.971 | 1.006
  245 | UTSA                 |   1 | 0.940 | 0.982 | 1.045 | 0.972
  246 | UC Davis             |   1 | 0.939 | 1.009 | 1.075 | 0.983
  247 | Eastern Ky.          |   1 | 0.938 | 0.930 | 0.992 | 0.969
  248 | Findlay              |   2 | 0.938 | 0.970 | 1.034 | 0.908
  249 | Fort Hays St.        |   2 | 0.938 | 1.026 | 1.094 | 0.927
  250 | North Florida        |   1 | 0.937 | 0.974 | 1.039 | 1.007
  251 | William & Mary       |   1 | 0.936 | 0.949 | 1.014 | 0.998
  252 | Holy Cross           |   1 | 0.935 | 0.967 | 1.034 | 0.978
  253 | Illinois St.         |   1 | 0.935 | 0.901 | 0.964 | 0.993
  254 | Texas St.            |   1 | 0.934 | 1.070 | 1.147 | 0.967
  255 | Ala.-Huntsville      |   2 | 0.933 | 0.992 | 1.063 | 0.899
  256 | Cal St. Northridge   |   1 | 0.933 | 0.999 | 1.070 | 0.989
  257 | Elon                 |   1 | 0.932 | 1.031 | 1.107 | 0.969
  258 | Wake Forest          |   1 | 0.931 | 1.020 | 1.096 | 1.031
  259 | Tennessee Tech       |   1 | 0.929 | 1.030 | 1.109 | 0.974
  260 | Columbia             |   1 | 0.928 | 0.979 | 1.055 | 0.972
  261 | Utah Valley          |   1 | 0.928 | 0.996 | 1.073 | 0.942
  262 | Williams             |   3 | 0.928 | 0.997 | 1.075 | 0.868
  263 | Grand Valley St.     |   2 | 0.928 | 0.947 | 1.021 | 0.910
  264 | Whitworth            |   3 | 0.928 | 0.992 | 1.069 | 0.851
  265 | Wagner               |   1 | 0.925 | 0.978 | 1.057 | 0.984
  266 | Albany (NY)          |   1 | 0.925 | 0.908 | 0.981 | 0.969
  267 | Brown                |   1 | 0.924 | 1.016 | 1.100 | 0.973
  268 | American Intl        |   2 | 0.919 | 0.936 | 1.018 | 0.930
  269 | Morgan St.           |   1 | 0.917 | 0.930 | 1.014 | 0.962
  270 | Lincoln Memorial     |   2 | 0.917 | 0.985 | 1.074 | 0.887
  271 | Humboldt St.         |   2 | 0.916 | 1.006 | 1.097 | 0.917
  272 | Campbell             |   1 | 0.916 | 0.931 | 1.017 | 0.977
  273 | Drury                |   2 | 0.914 | 1.061 | 1.161 | 0.913
  274 | Montana St.          |   1 | 0.914 | 0.950 | 1.040 | 0.987
  275 | Cal St. Fullerton    |   1 | 0.914 | 1.036 | 1.133 | 0.981
  276 | Indianapolis         |   2 | 0.914 | 1.068 | 1.168 | 0.930
  277 | Southern Utah        |   1 | 0.913 | 0.970 | 1.063 | 0.979
  278 | Wayne St. (MI)       |   2 | 0.912 | 0.961 | 1.053 | 0.919
  279 | Youngstown St.       |   1 | 0.912 | 1.008 | 1.105 | 1.006
  280 | Presbyterian         |   1 | 0.912 | 0.896 | 0.982 | 0.989
  281 | Lafayette            |   1 | 0.911 | 0.983 | 1.078 | 0.977
  282 | Portland St.         |   1 | 0.911 | 1.021 | 1.121 | 0.975
  283 | Rollins              |   2 | 0.911 | 0.974 | 1.070 | 0.915
  284 | Fort Lewis           |   2 | 0.910 | 1.033 | 1.135 | 0.925
  285 | Central Wash.        |   2 | 0.909 | 0.981 | 1.079 | 0.918
  286 | Indiana (PA)         |   2 | 0.908 | 0.930 | 1.024 | 0.897
  287 | Stony Brook          |   1 | 0.908 | 0.866 | 0.954 | 0.965
  288 | Seattle              |   1 | 0.908 | 0.990 | 1.091 | 0.989
  289 | Arkansas Tech        |   2 | 0.907 | 0.969 | 1.069 | 0.905
  290 | Ill.-Chicago         |   1 | 0.907 | 0.920 | 1.014 | 1.011
  291 | Cal St. San Bdino    |   2 | 0.906 | 0.956 | 1.055 | 0.920
  292 | UMKC                 |   1 | 0.906 | 0.976 | 1.078 | 0.974
  293 | Middlebury           |   3 | 0.905 | 0.890 | 0.984 | 0.854
  294 | Northwestern St.     |   1 | 0.905 | 1.055 | 1.166 | 0.969
  295 | Bowling Green        |   1 | 0.905 | 0.923 | 1.020 | 0.987
  296 | Metro St.            |   2 | 0.904 | 0.866 | 0.958 | 0.917
  297 | FIU                  |   1 | 0.904 | 1.043 | 1.153 | 0.977
  298 | Texas Southern       |   1 | 0.903 | 0.904 | 1.002 | 0.950
  299 | St. Anselm           |   2 | 0.902 | 1.009 | 1.119 | 0.932
  300 | Southeastern La.     |   1 | 0.902 | 0.949 | 1.052 | 0.975
  301 | Towson               |   1 | 0.900 | 1.013 | 1.125 | 1.001
  302 | Tex. A&M-Commerce    |   2 | 0.900 | 1.049 | 1.165 | 0.919
  303 | Jackson St.          |   1 | 0.899 | 0.905 | 1.007 | 0.942
  304 | Chattanooga          |   1 | 0.899 | 1.003 | 1.116 | 0.990
  305 | Cal St. Dom. Hills   |   2 | 0.898 | 0.877 | 0.977 | 0.920
  306 | Troy                 |   1 | 0.897 | 1.027 | 1.146 | 0.989
  307 | Alas. Anchorage      |   2 | 0.897 | 0.956 | 1.066 | 0.924
  308 | Coppin St.           |   1 | 0.896 | 1.013 | 1.130 | 0.953
  309 | Northern Ill.        |   1 | 0.896 | 0.999 | 1.115 | 0.985
  310 | Mt. St. Marys        |   1 | 0.896 | 0.888 | 0.991 | 0.985
  311 | Gardner-Webb         |   1 | 0.894 | 0.881 | 0.985 | 0.985
  312 | South Dakota         |   1 | 0.894 | 1.056 | 1.181 | 0.945
  313 | St. Rose             |   2 | 0.893 | 1.033 | 1.156 | 0.925
  314 | Dixie St.            |   2 | 0.892 | 0.962 | 1.078 | 0.903
  315 | Eastern Mich.        |   1 | 0.892 | 0.887 | 0.994 | 0.981
  316 | Mass.-Lowell         |   2 | 0.891 | 0.970 | 1.089 | 0.935
  317 | UC Riverside         |   1 | 0.891 | 0.925 | 1.038 | 0.982
  318 | Sacred Heart         |   1 | 0.890 | 0.945 | 1.061 | 0.969
  319 | Adelphi              |   2 | 0.889 | 0.895 | 1.007 | 0.926
  320 | Fairmont St.         |   2 | 0.889 | 0.970 | 1.092 | 0.911
  321 | Eastern Wash.        |   1 | 0.889 | 0.923 | 1.039 | 0.995
  322 | South Ala.           |   1 | 0.888 | 0.986 | 1.110 | 0.979
  323 | N.C. A&T             |   1 | 0.887 | 1.017 | 1.146 | 0.959
  324 | Central Mich.        |   1 | 0.887 | 0.857 | 0.965 | 0.986
  325 | Citadel              |   1 | 0.887 | 0.906 | 1.021 | 0.981
  326 | Savannah St.         |   1 | 0.887 | 0.850 | 0.959 | 0.989
  327 | Army                 |   1 | 0.885 | 0.968 | 1.094 | 0.963
  328 | Ga. Southwestern     |   2 | 0.885 | 0.950 | 1.075 | 0.917
  329 | Ky. Wesleyan         |   2 | 0.885 | 1.043 | 1.179 | 0.934
  330 | Randolph-Macon       |   3 | 0.885 | 0.851 | 0.961 | 0.852
  331 | Ferris St.           |   2 | 0.884 | 0.991 | 1.122 | 0.921
  332 | Minn. St. Mankato    |   2 | 0.883 | 1.022 | 1.157 | 0.902
  333 | Incarnate Word       |   2 | 0.882 | 1.007 | 1.143 | 0.927
  334 | Delaware St.         |   1 | 0.882 | 0.877 | 0.995 | 0.956
  335 | UNC Greensboro       |   1 | 0.880 | 1.028 | 1.168 | 1.002
  336 | Fla. Gulf Coast      |   1 | 0.880 | 0.944 | 1.073 | 0.985
  337 | Lewis                |   2 | 0.880 | 0.916 | 1.041 | 0.922
  338 | Fordham              |   1 | 0.879 | 0.944 | 1.074 | 1.008
  339 | N.M. Highlands       |   2 | 0.879 | 1.102 | 1.255 | 0.918
  340 | Jacksonville St.     |   1 | 0.879 | 0.880 | 1.002 | 0.973
  341 | New Hampshire        |   1 | 0.878 | 0.835 | 0.952 | 0.964
  342 | Amherst              |   3 | 0.878 | 1.021 | 1.162 | 0.863
  343 | Bethune-Cookman      |   1 | 0.878 | 0.914 | 1.041 | 0.960
  344 | Adams St.            |   2 | 0.878 | 1.022 | 1.163 | 0.923
  345 | Mesa St.             |   2 | 0.877 | 0.881 | 1.005 | 0.917
  346 | Monmouth             |   1 | 0.876 | 0.875 | 0.998 | 0.980
  347 | Eckerd               |   2 | 0.876 | 0.956 | 1.091 | 0.918
  348 | Navy                 |   1 | 0.876 | 0.941 | 1.074 | 0.970
  349 | Washburn             |   2 | 0.874 | 0.956 | 1.094 | 0.925
  350 | Mary                 |   2 | 0.874 | 0.892 | 1.021 | 0.898
  351 | Hartford             |   1 | 0.873 | 0.874 | 1.001 | 0.973
  352 | Wheeling Jesuit      |   2 | 0.870 | 1.003 | 1.153 | 0.916
  353 | Bloomfield           |   2 | 0.869 | 1.106 | 1.273 | 0.906
  354 | Cal Poly Pomona      |   2 | 0.869 | 0.844 | 0.972 | 0.921
  355 | Idaho St.            |   1 | 0.868 | 0.914 | 1.054 | 0.995
  356 | Central Mo.          |   2 | 0.868 | 0.929 | 1.070 | 0.918
  357 | St. Francis (PA)     |   1 | 0.868 | 0.936 | 1.078 | 0.982
  358 | Norfolk St.          |   1 | 0.867 | 0.999 | 1.153 | 0.962
  359 | Eastern Ill.         |   1 | 0.866 | 0.866 | 1.001 | 0.979
  360 | Fla. Southern        |   2 | 0.865 | 1.024 | 1.184 | 0.917
  361 | Harding              |   2 | 0.865 | 1.007 | 1.165 | 0.898
  362 | West Virginia St.    |   2 | 0.865 | 1.030 | 1.191 | 0.916
  363 | UT Martin            |   1 | 0.864 | 0.971 | 1.124 | 0.975
  364 | San Fran. St.        |   2 | 0.863 | 0.971 | 1.125 | 0.926
  365 | Stetson              |   1 | 0.863 | 0.928 | 1.076 | 0.985
  366 | Niagara              |   1 | 0.861 | 0.906 | 1.052 | 0.987
  367 | Seattle Pacific      |   2 | 0.861 | 0.954 | 1.109 | 0.912
  368 | Hillsdale            |   2 | 0.861 | 0.938 | 1.089 | 0.911
  369 | Georgia College      |   2 | 0.860 | 0.918 | 1.068 | 0.913
  370 | Samford              |   1 | 0.859 | 0.861 | 1.002 | 0.981
  371 | S.C. Aiken           |   2 | 0.858 | 0.945 | 1.101 | 0.921
  372 | North Dakota         |   1 | 0.858 | 0.914 | 1.066 | 0.957
  373 | Cal St. Bakersfield  |   1 | 0.858 | 0.974 | 1.135 | 0.990
  374 | Southeast Mo. St.    |   1 | 0.857 | 0.948 | 1.106 | 0.976
  375 | Chaminade            |   2 | 0.857 | 0.939 | 1.096 | 0.915
  376 | Augustana (SD)       |   2 | 0.856 | 0.993 | 1.161 | 0.902
  377 | San Diego            |   1 | 0.855 | 0.870 | 1.017 | 1.003
  378 | Bridgeport           |   2 | 0.855 | 0.942 | 1.102 | 0.876
  379 | N.C. Central         |   1 | 0.853 | 0.925 | 1.085 | 0.955
  380 | Winona St.           |   2 | 0.853 | 0.994 | 1.165 | 0.896
  381 | Neb.-Omaha           |   2 | 0.851 | 1.045 | 1.228 | 0.921
  382 | King (TN)            |   2 | 0.850 | 0.965 | 1.135 | 0.924
  383 | BYU-Hawaii           |   2 | 0.849 | 0.989 | 1.165 | 0.911
  384 | Manhattan            |   1 | 0.849 | 0.885 | 1.042 | 0.993
  385 | St. Martins          |   2 | 0.848 | 0.946 | 1.115 | 0.908
  386 | Post                 |   2 | 0.847 | 0.893 | 1.055 | 0.903
  387 | St. Michaels         |   2 | 0.847 | 0.855 | 1.010 | 0.933
  388 | Tampa                |   2 | 0.847 | 0.953 | 1.125 | 0.904
  389 | Mercyhurst           |   2 | 0.846 | 0.928 | 1.097 | 0.890
  390 | Angelo St.           |   2 | 0.846 | 0.968 | 1.144 | 0.931
  391 | Montevallo           |   2 | 0.845 | 0.868 | 1.027 | 0.919
  392 | Bryant               |   1 | 0.844 | 0.946 | 1.120 | 0.976
  393 | Mississippi Val.     |   1 | 0.844 | 0.966 | 1.145 | 0.961
  394 | Alabama A&M          |   1 | 0.843 | 0.876 | 1.040 | 0.937
  395 | High Point           |   1 | 0.843 | 0.937 | 1.111 | 0.975
  396 | Southwestern Okla.   |   2 | 0.843 | 0.904 | 1.073 | 0.925
  397 | UNC Pembroke         |   2 | 0.843 | 0.935 | 1.109 | 0.923
  398 | Clayton St.          |   2 | 0.842 | 0.889 | 1.056 | 0.920
  399 | Merrimack            |   2 | 0.840 | 0.960 | 1.144 | 0.932
  400 | Valdosta St.         |   2 | 0.839 | 1.050 | 1.251 | 0.901
  401 | Shaw                 |   2 | 0.839 | 0.918 | 1.094 | 0.897
  402 | West Va. Wesleyan    |   2 | 0.838 | 1.005 | 1.199 | 0.924
  403 | Eastern Ore.         |   3 | 0.838 | 1.051 | 1.254 | 0.920
  404 | Cameron              |   2 | 0.838 | 0.913 | 1.089 | 0.923
  405 | Morningside          |   2 | 0.838 | 0.944 | 1.127 | 0.839
  406 | Eastern N.M.         |   2 | 0.837 | 1.048 | 1.253 | 0.936
  407 | Kennesaw St.         |   1 | 0.835 | 0.937 | 1.122 | 0.984
  408 | Fairleigh Dickinson  |   1 | 0.834 | 0.916 | 1.098 | 0.975
  409 | NJIT                 |   1 | 0.834 | 0.892 | 1.070 | 0.923
  410 | Dominican (NY)       |   2 | 0.834 | 0.897 | 1.076 | 0.897
  411 | Palm Beach Atl.      |   2 | 0.834 | 0.958 | 1.149 | 0.913
  412 | Bowie St.            |   2 | 0.833 | 1.038 | 1.246 | 0.893
  413 | Sacramento St.       |   1 | 0.832 | 0.878 | 1.055 | 0.983
  414 | Virginia Union       |   2 | 0.832 | 0.871 | 1.046 | 0.888
  415 | Longwood             |   1 | 0.831 | 1.030 | 1.239 | 0.978
  416 | Pittsburg St.        |   2 | 0.831 | 0.951 | 1.144 | 0.921
  417 | Queens (NC)          |   2 | 0.830 | 0.895 | 1.078 | 0.888
  418 | S.C. Upstate         |   1 | 0.830 | 0.851 | 1.026 | 0.997
  419 | Winston-Salem        |   2 | 0.829 | 0.916 | 1.105 | 0.893
  420 | Queens (NY)          |   2 | 0.829 | 0.929 | 1.120 | 0.873
  421 | Francis Marion       |   2 | 0.828 | 1.026 | 1.239 | 0.921
  422 | Marist               |   1 | 0.827 | 0.893 | 1.080 | 0.998
  423 | Assumption           |   2 | 0.826 | 0.989 | 1.198 | 0.928
  424 | Dartmouth            |   1 | 0.825 | 0.865 | 1.048 | 0.985
  425 | Clarion              |   2 | 0.824 | 1.001 | 1.216 | 0.889
  426 | C.W. Post            |   2 | 0.824 | 1.017 | 1.234 | 0.888
  427 | Mansfield            |   2 | 0.823 | 0.936 | 1.136 | 0.892
  428 | Cal St. Stanislaus   |   2 | 0.823 | 0.859 | 1.044 | 0.926
  429 | Southern N.H.        |   2 | 0.822 | 0.858 | 1.044 | 0.930
  430 | Le Moyne             |   2 | 0.822 | 0.880 | 1.070 | 0.932
  431 | Pitt.-Johnstown      |   2 | 0.822 | 1.073 | 1.306 | 0.911
  432 | Quincy               |   2 | 0.822 | 0.949 | 1.154 | 0.913
  433 | Alabama St.          |   1 | 0.821 | 0.836 | 1.019 | 0.945
  434 | Sonoma St.           |   2 | 0.821 | 0.969 | 1.181 | 0.918
  435 | South Carolina St.   |   1 | 0.821 | 0.915 | 1.114 | 0.956
  436 | Anderson (SC)        |   2 | 0.821 | 1.013 | 1.233 | 0.903
  437 | La.-Monroe           |   1 | 0.820 | 0.856 | 1.044 | 0.977
  438 | Southwest Baptist    |   2 | 0.818 | 1.007 | 1.230 | 0.928
  439 | WPI                  |   3 | 0.818 | 0.859 | 1.049 | 0.844
  440 | Tex. A&M Intl        |   2 | 0.817 | 0.893 | 1.093 | 0.908
  441 | Colgate              |   1 | 0.817 | 0.929 | 1.137 | 0.976
  442 | Benedict             |   2 | 0.816 | 0.914 | 1.121 | 0.879
  443 | Emporia St.          |   2 | 0.816 | 0.911 | 1.117 | 0.937
  444 | Southern Conn. St.   |   2 | 0.816 | 0.930 | 1.140 | 0.928
  445 | Northwest Nazarene   |   2 | 0.814 | 0.920 | 1.129 | 0.919
  446 | Florida Tech         |   2 | 0.814 | 0.962 | 1.182 | 0.911
  447 | Wingate              |   2 | 0.814 | 0.917 | 1.127 | 0.896
  448 | Cheyney              |   2 | 0.814 | 0.944 | 1.159 | 0.889
  449 | Armstrong Atlantic   |   2 | 0.813 | 0.963 | 1.183 | 0.921
  450 | Binghamton           |   1 | 0.813 | 0.864 | 1.064 | 0.975
  451 | Barton               |   2 | 0.813 | 1.017 | 1.252 | 0.881
  452 | Mo. Western St.      |   2 | 0.813 | 1.024 | 1.260 | 0.928
  453 | Ga. Southern         |   1 | 0.813 | 0.897 | 1.103 | 0.987
  454 | Florida A&M          |   1 | 0.812 | 0.864 | 1.065 | 0.956
  455 | Tex.-Pan American    |   1 | 0.812 | 0.909 | 1.120 | 0.962
  456 | Alderson-Broaddus    |   2 | 0.812 | 0.877 | 1.080 | 0.914
  457 | Slippery Rock        |   2 | 0.811 | 0.905 | 1.115 | 0.898
  458 | Ark.-Fort Smith      |   2 | 0.811 | 0.970 | 1.196 | 0.900
  459 | Cal St. L.A.         |   2 | 0.810 | 0.850 | 1.050 | 0.923
  460 | Southwest Minn. St.  |   2 | 0.810 | 0.895 | 1.105 | 0.904
  461 | St. Thomas (MN)      |   3 | 0.810 | 0.886 | 1.095 | 0.875
  462 | Western Ill.         |   1 | 0.810 | 0.802 | 0.990 | 0.978
  463 | Cal St. Chico        |   2 | 0.809 | 0.896 | 1.107 | 0.921
  464 | Northwest Mo. St.    |   2 | 0.808 | 0.872 | 1.078 | 0.924
  465 | Kutztown             |   2 | 0.808 | 0.963 | 1.193 | 0.889
  466 | Charleston (WV)      |   2 | 0.808 | 0.957 | 1.184 | 0.912
  467 | Central Ark.         |   1 | 0.806 | 0.943 | 1.171 | 0.974
  468 | Michigan Tech        |   2 | 0.805 | 0.916 | 1.138 | 0.907
  469 | Grand Canyon         |   2 | 0.805 | 0.874 | 1.086 | 0.906
  470 | North Ga.            |   2 | 0.805 | 0.934 | 1.159 | 0.918
  471 | Limestone            |   2 | 0.804 | 0.887 | 1.104 | 0.880
  472 | West Chester         |   2 | 0.804 | 0.881 | 1.095 | 0.878
  473 | Concordia-St. Paul   |   2 | 0.803 | 0.948 | 1.180 | 0.905
  474 | Toledo               |   1 | 0.802 | 0.851 | 1.062 | 0.995
  475 | Nova Southeastern    |   2 | 0.802 | 0.990 | 1.234 | 0.917
  476 | Gannon               |   2 | 0.799 | 0.875 | 1.095 | 0.893
  477 | Western N.M.         |   2 | 0.799 | 0.969 | 1.213 | 0.933
  478 | Radford              |   1 | 0.799 | 0.856 | 1.072 | 0.977
  479 | Saginaw Valley       |   2 | 0.799 | 0.910 | 1.140 | 0.920
  480 | Tex. Permian Basin   |   2 | 0.799 | 0.957 | 1.198 | 0.905
  481 | Dallas Baptist       |   2 | 0.798 | 0.943 | 1.182 | 0.879
  482 | Christian Bros.      |   2 | 0.798 | 0.759 | 0.951 | 0.903
  483 | East Stroudsburg     |   2 | 0.798 | 0.946 | 1.186 | 0.893
  484 | Shepherd             |   2 | 0.798 | 0.931 | 1.168 | 0.910
  485 | St. Marys (TX)       |   2 | 0.797 | 0.909 | 1.140 | 0.902
  486 | Livingstone          |   2 | 0.797 | 0.924 | 1.159 | 0.892
  487 | UC San Diego         |   2 | 0.796 | 0.840 | 1.055 | 0.921
  488 | Goldey-Beacom        |   2 | 0.796 | 0.927 | 1.165 | 0.890
  489 | New Orleans          |   1 | 0.796 | 0.838 | 1.053 | 0.842
  490 | Neb.-Kearney         |   2 | 0.796 | 0.975 | 1.224 | 0.918
  491 | St. Cloud St.        |   2 | 0.796 | 0.945 | 1.188 | 0.905
  492 | Felician             |   2 | 0.795 | 0.899 | 1.131 | 0.891
  493 | Wis.-River Falls     |   3 | 0.795 | 0.915 | 1.152 | 0.871
  494 | Western Wash.        |   2 | 0.794 | 1.027 | 1.293 | 0.911
  495 | Colorado St.-Pueblo  |   2 | 0.793 | 0.896 | 1.129 | 0.912
  496 | Hawaii Hilo          |   2 | 0.792 | 0.979 | 1.236 | 0.893
  497 | Elizabeth City St.   |   2 | 0.792 | 0.854 | 1.079 | 0.884
  498 | Tuskegee             |   2 | 0.792 | 0.931 | 1.175 | 0.876
  499 | UMBC                 |   1 | 0.792 | 0.939 | 1.185 | 0.980
  500 | Newman               |   2 | 0.791 | 1.006 | 1.271 | 0.914
  501 | Houston Baptist      |   1 | 0.790 | 0.936 | 1.185 | 0.953
  502 | Franklin Pierce      |   2 | 0.790 | 0.918 | 1.161 | 0.937
  503 | Lynn                 |   2 | 0.790 | 0.925 | 1.170 | 0.918
  504 | St. Norbert          |   3 | 0.789 | 0.785 | 0.995 | 0.844
  505 | Johnson C. Smith     |   2 | 0.789 | 0.950 | 1.204 | 0.896
  506 | Lake Superior St.    |   2 | 0.789 | 0.880 | 1.115 | 0.897
  507 | Stillman             |   2 | 0.789 | 1.003 | 1.271 | 0.884
  508 | Clark Atlanta        |   2 | 0.787 | 0.874 | 1.109 | 0.877
  509 | St. Marys (MD)       |   3 | 0.787 | 0.941 | 1.195 | 0.852
  510 | Abilene Christian    |   2 | 0.787 | 0.925 | 1.175 | 0.934
  511 | Grambling            |   1 | 0.786 | 0.835 | 1.062 | 0.946
  512 | Rhode Island Col.    |   3 | 0.785 | 0.858 | 1.094 | 0.844
  513 | Augustana (IL)       |   3 | 0.785 | 0.821 | 1.046 | 0.846
  514 | North Ala.           |   2 | 0.782 | 0.971 | 1.241 | 0.919
  515 | East. Mennonite      |   3 | 0.782 | 1.024 | 1.309 | 0.857
  516 | Minn. St. Moorhead   |   2 | 0.782 | 0.913 | 1.168 | 0.899
  517 | Pace                 |   2 | 0.781 | 0.909 | 1.164 | 0.925
  518 | Cal St. Monterey Bay |   2 | 0.781 | 0.949 | 1.214 | 0.927
  519 | Ark.-Monticello      |   2 | 0.780 | 0.926 | 1.188 | 0.903
  520 | Wooster              |   3 | 0.780 | 0.891 | 1.143 | 0.847
  521 | Columbus St.         |   2 | 0.779 | 0.869 | 1.115 | 0.926
  522 | California (PA)      |   2 | 0.779 | 0.902 | 1.158 | 0.899
  523 | Delta St.            |   2 | 0.778 | 0.941 | 1.209 | 0.905
  524 | Md.-East. Shore      |   1 | 0.777 | 0.939 | 1.208 | 0.953
  525 | Frank. & Marsh.      |   3 | 0.776 | 0.900 | 1.160 | 0.828
  526 | West Va. Tech        |   2 | 0.776 | 0.953 | 1.228 | 0.962
  527 | Wabash               |   3 | 0.775 | 0.827 | 1.067 | 0.834
  528 | Prairie View         |   1 | 0.775 | 0.861 | 1.111 | 0.954
  529 | Philadelphia U.      |   2 | 0.774 | 0.865 | 1.118 | 0.892
  530 | Dist. Columbia       |   2 | 0.773 | 0.963 | 1.246 | 0.904
  531 | New Haven            |   2 | 0.773 | 0.851 | 1.101 | 0.925
  532 | Ark.-Pine Bluff      |   1 | 0.773 | 0.866 | 1.120 | 0.958
  533 | Trinity (CT)         |   3 | 0.773 | 0.814 | 1.053 | 0.860
  534 | Va. Wesleyan         |   3 | 0.772 | 0.884 | 1.145 | 0.854
  535 | Newberry             |   2 | 0.772 | 1.049 | 1.360 | 0.891
  536 | Edinboro             |   2 | 0.772 | 0.961 | 1.244 | 0.893
  537 | St. Josephs (IN)     |   2 | 0.771 | 0.845 | 1.096 | 0.921
  538 | Wayne St. (NE)       |   2 | 0.771 | 0.835 | 1.083 | 0.907
  539 | Davis & Elkins       |   2 | 0.770 | 0.943 | 1.226 | 0.919
  540 | Wis.-Platteville     |   3 | 0.770 | 0.826 | 1.072 | 0.865
  541 | Northeastern St.     |   2 | 0.770 | 0.854 | 1.109 | 0.931
  542 | Bemidji St.          |   2 | 0.770 | 0.931 | 1.209 | 0.893
  543 | Howard               |   1 | 0.770 | 0.823 | 1.069 | 0.965
  544 | Tex. A&M-Kingsville  |   2 | 0.769 | 0.806 | 1.048 | 0.931
  545 | Fayetteville St.     |   2 | 0.769 | 0.967 | 1.258 | 0.896
  546 | Belmont Abbey        |   2 | 0.768 | 0.941 | 1.225 | 0.884
  547 | Coker                |   2 | 0.767 | 0.847 | 1.105 | 0.887
  548 | Lander               |   2 | 0.767 | 0.864 | 1.126 | 0.917
  549 | New Jersey City      |   3 | 0.766 | 0.871 | 1.138 | 0.835
  550 | Northwood (MI)       |   2 | 0.765 | 0.962 | 1.257 | 0.922
  551 | Mo.-St. Louis        |   2 | 0.765 | 0.861 | 1.126 | 0.905
  552 | Carleton             |   3 | 0.765 | 0.802 | 1.049 | 0.858
  553 | Concord              |   2 | 0.764 | 1.037 | 1.358 | 0.918
  554 | Mont. St. Billings   |   2 | 0.763 | 0.865 | 1.133 | 0.921
  555 | Ashland              |   2 | 0.762 | 0.864 | 1.134 | 0.913
  556 | Catholic             |   3 | 0.762 | 0.823 | 1.080 | 0.821
  557 | Ohio Valley          |   2 | 0.762 | 0.957 | 1.257 | 0.910
  558 | Flagler              |   2 | 0.761 | 0.949 | 1.248 | 0.921
  559 | West Ala.            |   2 | 0.760 | 0.797 | 1.049 | 0.906
  560 | Ramapo               |   3 | 0.760 | 0.949 | 1.249 | 0.845
  561 | Becker               |   3 | 0.759 | 0.883 | 1.163 | 0.827
  562 | Central St. (OH)     |   2 | 0.759 | 0.964 | 1.269 | 0.892
  563 | USP                  |   2 | 0.759 | 0.821 | 1.083 | 0.890
  564 | Alcorn St.           |   1 | 0.758 | 0.943 | 1.244 | 0.958
  565 | Richard Stockton     |   3 | 0.757 | 0.804 | 1.062 | 0.837
  566 | Washington Adventist |   2 | 0.756 | 0.902 | 1.193 | 0.904
  567 | Barry                |   2 | 0.756 | 0.811 | 1.073 | 0.924
  568 | West Ga.             |   2 | 0.756 | 0.887 | 1.172 | 0.906
  569 | Hawaii Pacific       |   2 | 0.756 | 0.866 | 1.146 | 0.901
  570 | Mars Hill            |   2 | 0.756 | 1.024 | 1.354 | 0.893
  571 | UC-Colo. Springs     |   2 | 0.755 | 0.890 | 1.179 | 0.919
  572 | Ouachita Baptist     |   2 | 0.755 | 0.892 | 1.181 | 0.906
  573 | Seton Hill           |   2 | 0.754 | 0.924 | 1.226 | 0.912
  574 | Wheaton (IL)         |   3 | 0.754 | 0.895 | 1.187 | 0.850
  575 | Rochester (NY)       |   3 | 0.754 | 0.904 | 1.200 | 0.847
  576 | Western St.          |   2 | 0.753 | 0.837 | 1.112 | 0.928
  577 | Gwynedd-Mercy        |   3 | 0.752 | 0.937 | 1.247 | 0.823
  578 | Catawba              |   2 | 0.752 | 0.943 | 1.254 | 0.898
  579 | Bloomsburg           |   2 | 0.752 | 0.916 | 1.218 | 0.896
  580 | Northern St.         |   2 | 0.752 | 0.938 | 1.246 | 0.895
  581 | Marietta             |   3 | 0.752 | 0.915 | 1.216 | 0.844
  582 | Guilford             |   3 | 0.752 | 0.819 | 1.089 | 0.860
  583 | Chestnut Hill        |   2 | 0.751 | 0.892 | 1.189 | 0.894
  584 | Centre               |   3 | 0.751 | 0.784 | 1.044 | 0.824
  585 | Texas-Dallas         |   3 | 0.751 | 0.842 | 1.121 | 0.827
  586 | Chapman              |   3 | 0.750 | 0.849 | 1.132 | 0.827
  587 | Western Ore.         |   2 | 0.749 | 0.922 | 1.232 | 0.914
  588 | Hobart               |   3 | 0.749 | 0.930 | 1.242 | 0.825
  589 | Pfeiffer             |   2 | 0.748 | 1.029 | 1.375 | 0.882
  590 | Wis.-Parkside        |   2 | 0.747 | 0.888 | 1.188 | 0.922
  591 | Chadron St.          |   2 | 0.747 | 0.913 | 1.223 | 0.916
  592 | Hope                 |   3 | 0.746 | 0.934 | 1.251 | 0.838
  593 | Ithaca               |   3 | 0.746 | 1.072 | 1.438 | 0.838
  594 | Colo. Christian      |   2 | 0.745 | 0.852 | 1.144 | 0.923
  595 | Western Conn. St.    |   3 | 0.745 | 1.010 | 1.355 | 0.844
  596 | Bluefield St.        |   2 | 0.745 | 0.860 | 1.154 | 0.926
  597 | Concordia (WI)       |   3 | 0.744 | 0.941 | 1.264 | 0.826
  598 | Wis.-Whitewater      |   3 | 0.744 | 0.918 | 1.235 | 0.865
  599 | Ferrum               |   3 | 0.744 | 0.909 | 1.222 | 0.828
  600 | McMurry              |   3 | 0.743 | 0.880 | 1.184 | 0.845
  601 | Brevard              |   2 | 0.743 | 0.944 | 1.272 | 0.888
  602 | Tiffin               |   2 | 0.743 | 0.958 | 1.289 | 0.920
  603 | SIU Edwardsville     |   1 | 0.743 | 0.887 | 1.194 | 0.967
  604 | Whitman              |   3 | 0.743 | 0.913 | 1.230 | 0.858
  605 | Wis.-Superior        |   3 | 0.742 | 0.854 | 1.151 | 0.859
  606 | Wis.-La Crosse       |   3 | 0.742 | 0.920 | 1.240 | 0.876
  607 | Concordia (NY)       |   2 | 0.742 | 1.004 | 1.354 | 0.906
  608 | West Fla.            |   2 | 0.741 | 0.934 | 1.261 | 0.910
  609 | St. Leo              |   2 | 0.741 | 0.889 | 1.199 | 0.914
  610 | East Central         |   2 | 0.740 | 0.823 | 1.112 | 0.923
  611 | MIT                  |   3 | 0.740 | 0.863 | 1.167 | 0.836
  612 | Upper Iowa           |   2 | 0.740 | 0.858 | 1.160 | 0.904
  613 | Mount Olive          |   2 | 0.740 | 0.886 | 1.198 | 0.888
  614 | Southern Ark.        |   2 | 0.739 | 0.826 | 1.118 | 0.902
  615 | Kentucky St.         |   2 | 0.738 | 0.873 | 1.183 | 0.875
  616 | Truman               |   2 | 0.738 | 0.871 | 1.181 | 0.929
  617 | Pacific Lutheran     |   3 | 0.737 | 0.853 | 1.157 | 0.862
  618 | Lebanon Valley       |   3 | 0.737 | 0.877 | 1.190 | 0.842
  619 | Lewis & Clark        |   3 | 0.737 | 0.885 | 1.201 | 0.855
  620 | John Carroll         |   3 | 0.737 | 0.988 | 1.340 | 0.846
  621 | St. Pauls            |   2 | 0.736 | 0.920 | 1.250 | 0.891
  622 | St. Andrews          |   2 | 0.736 | 1.014 | 1.378 | 0.883
  623 | Ill.-Springfield     |   2 | 0.735 | 0.911 | 1.240 | 0.909
  624 | Stevens Institute    |   3 | 0.735 | 0.854 | 1.162 | 0.834
  625 | Tusculum             |   2 | 0.734 | 0.766 | 1.043 | 0.907
  626 | Manchester           |   3 | 0.734 | 0.889 | 1.212 | 0.842
  627 | Gust. Adolphus       |   3 | 0.733 | 0.906 | 1.235 | 0.863
  628 | Bates                |   3 | 0.733 | 0.837 | 1.141 | 0.854
  629 | St. Olaf             |   3 | 0.733 | 0.897 | 1.224 | 0.851
  630 | Elms                 |   3 | 0.732 | 0.896 | 1.224 | 0.830
  631 | Missouri S&T         |   2 | 0.732 | 0.822 | 1.123 | 0.916
  632 | York (PA)            |   3 | 0.731 | 0.899 | 1.230 | 0.845
  633 | Claflin              |   2 | 0.731 | 0.808 | 1.105 | 0.875
  634 | St. Augustines       |   2 | 0.731 | 0.820 | 1.122 | 0.901
  635 | Keystone             |   3 | 0.731 | 0.810 | 1.108 | 0.813
  636 | Milwaukee Engr.      |   3 | 0.730 | 0.809 | 1.108 | 0.828
  637 | Capital              |   3 | 0.730 | 0.868 | 1.189 | 0.842
  638 | Wilmington (DE)      |   2 | 0.729 | 0.853 | 1.170 | 0.891
  639 | Wittenberg           |   3 | 0.729 | 0.856 | 1.175 | 0.842
  640 | Millersville         |   2 | 0.729 | 0.882 | 1.210 | 0.884
  641 | Emory                |   3 | 0.728 | 0.984 | 1.350 | 0.836
  642 | Lake Erie            |   2 | 0.728 | 0.812 | 1.114 | 0.923
  643 | Morehouse            |   2 | 0.726 | 0.903 | 1.243 | 0.874
  644 | Hampden-Sydney       |   3 | 0.726 | 0.895 | 1.232 | 0.857
  645 | North Central (IL)   |   3 | 0.726 | 0.822 | 1.133 | 0.850
  646 | Oswego St.           |   3 | 0.725 | 0.830 | 1.145 | 0.827
  647 | Rutgers-Newark       |   3 | 0.725 | 0.920 | 1.270 | 0.844
  648 | Ill. Wesleyan        |   3 | 0.724 | 0.908 | 1.254 | 0.846
  649 | Hamline              |   3 | 0.724 | 0.953 | 1.316 | 0.861
  650 | Calvin               |   3 | 0.723 | 0.877 | 1.213 | 0.843
  651 | Transylvania         |   3 | 0.723 | 0.843 | 1.165 | 0.831
  652 | Rensselaer           |   3 | 0.723 | 0.893 | 1.234 | 0.843
  653 | Skidmore             |   3 | 0.723 | 0.890 | 1.232 | 0.848
  654 | Minn. Duluth         |   2 | 0.722 | 0.915 | 1.266 | 0.898
  655 | Cabrini              |   3 | 0.722 | 0.932 | 1.290 | 0.826
  656 | LeMoyne-Owen         |   2 | 0.722 | 0.898 | 1.243 | 0.878
  657 | Shippensburg         |   2 | 0.722 | 0.873 | 1.208 | 0.891
  658 | Caldwell             |   2 | 0.722 | 0.869 | 1.204 | 0.894
  659 | Mary Hardin-Baylor   |   3 | 0.722 | 0.870 | 1.205 | 0.844
  660 | Northern Mich.       |   2 | 0.721 | 0.869 | 1.206 | 0.900
  661 | Salem Intl           |   2 | 0.721 | 0.980 | 1.360 | 0.896
  662 | Carson-Newman        |   2 | 0.720 | 0.874 | 1.214 | 0.897
  663 | Bowdoin              |   3 | 0.720 | 0.894 | 1.242 | 0.848
  664 | Hamilton             |   3 | 0.720 | 0.813 | 1.129 | 0.838
  665 | Wesleyan (CT)        |   3 | 0.720 | 0.862 | 1.197 | 0.857
  666 | East Tex. Baptist    |   3 | 0.720 | 0.873 | 1.213 | 0.834
  667 | Alas. Fairbanks      |   2 | 0.718 | 0.975 | 1.358 | 0.917
  668 | Lycoming             |   3 | 0.718 | 0.912 | 1.269 | 0.844
  669 | Thiel                |   3 | 0.718 | 0.829 | 1.155 | 0.827
  670 | Edgewood             |   3 | 0.718 | 0.833 | 1.160 | 0.835
  671 | Claremont-M-S        |   3 | 0.718 | 0.810 | 1.129 | 0.838
  672 | Hanover              |   3 | 0.717 | 0.842 | 1.176 | 0.840
  673 | Chicago St.          |   1 | 0.716 | 0.925 | 1.292 | 0.973
  674 | Carthage             |   3 | 0.716 | 0.878 | 1.226 | 0.850
  675 | Eastern Conn. St.    |   3 | 0.715 | 0.816 | 1.141 | 0.842
  676 | Lincoln (MO)         |   2 | 0.715 | 0.893 | 1.248 | 0.922
  677 | Montclair St.        |   3 | 0.714 | 0.842 | 1.179 | 0.841
  678 | Wilkes               |   3 | 0.713 | 0.854 | 1.197 | 0.831
  679 | Luther               |   3 | 0.713 | 0.759 | 1.066 | 0.837
  680 | St. Edwards          |   2 | 0.711 | 0.828 | 1.165 | 0.904
  681 | P.R.-Rio Piedras     |   2 | 0.711 | 0.887 | 1.246 | 0.915
  682 | Rockhurst            |   2 | 0.711 | 0.817 | 1.149 | 0.922
  683 | Centenary (LA)       |   1 | 0.710 | 0.828 | 1.166 | 0.981
  684 | Springfield          |   3 | 0.710 | 0.836 | 1.177 | 0.849
  685 | Penn St.-Behrend     |   3 | 0.710 | 0.763 | 1.075 | 0.796
  686 | Glenville St.        |   2 | 0.710 | 0.928 | 1.306 | 0.931
  687 | Concordia-Mhead      |   3 | 0.710 | 0.827 | 1.165 | 0.848
  688 | Grinnell             |   3 | 0.710 | 1.161 | 1.636 | 0.837
  689 | Tufts                |   3 | 0.709 | 0.834 | 1.176 | 0.850
  690 | Elizabethtown        |   3 | 0.708 | 0.897 | 1.267 | 0.840
  691 | St. Johns (MN)       |   3 | 0.708 | 0.861 | 1.216 | 0.864
  692 | Regis (CO)           |   2 | 0.708 | 0.784 | 1.107 | 0.914
  693 | Birmingham-So.       |   3 | 0.707 | 0.884 | 1.250 | 0.820
  694 | NYIT                 |   2 | 0.707 | 0.859 | 1.215 | 0.877
  695 | Nazareth             |   3 | 0.707 | 0.836 | 1.182 | 0.835
  696 | St. John Fisher      |   3 | 0.706 | 0.781 | 1.106 | 0.836
  697 | Notre Dame de Namur  |   2 | 0.706 | 0.818 | 1.159 | 0.907
  698 | Scranton             |   3 | 0.705 | 0.868 | 1.232 | 0.832
  699 | Ripon                |   3 | 0.705 | 0.926 | 1.313 | 0.848
  700 | Albany St. (GA)      |   2 | 0.704 | 0.815 | 1.158 | 0.881
  701 | Wm. Paterson         |   3 | 0.704 | 0.699 | 0.993 | 0.838
  702 | Hiram                |   3 | 0.703 | 0.864 | 1.229 | 0.830
  703 | Buffalo St.          |   3 | 0.703 | 0.979 | 1.392 | 0.830
  704 | Lake Forest          |   3 | 0.702 | 0.753 | 1.072 | 0.842
  705 | Washington-St. Louis |   3 | 0.702 | 0.838 | 1.194 | 0.846
  706 | Kean                 |   3 | 0.701 | 0.878 | 1.252 | 0.850
  707 | Southern U.          |   1 | 0.700 | 0.784 | 1.120 | 0.951
  708 | Illinois Col.        |   3 | 0.700 | 0.930 | 1.328 | 0.841
  709 | Lawrence             |   3 | 0.699 | 0.843 | 1.207 | 0.848
  710 | New York U.          |   3 | 0.699 | 0.867 | 1.240 | 0.826
  711 | Purchase St.         |   3 | 0.699 | 0.858 | 1.226 | 0.810
  712 | Maryville (TN)       |   3 | 0.699 | 0.936 | 1.340 | 0.831
  713 | Keene St.            |   3 | 0.698 | 0.995 | 1.426 | 0.836
  714 | Paine                |   2 | 0.698 | 0.835 | 1.196 | 0.880
  715 | Plattsburgh St.      |   3 | 0.698 | 0.866 | 1.241 | 0.833
  716 | Randolph             |   3 | 0.697 | 0.795 | 1.139 | 0.864
  717 | Chowan               |   2 | 0.697 | 0.858 | 1.231 | 0.892
  718 | Hardin-Simmons       |   3 | 0.697 | 0.913 | 1.309 | 0.842
  719 | Husson               |   3 | 0.696 | 0.889 | 1.278 | 0.792
  720 | Dowling              |   2 | 0.694 | 0.794 | 1.143 | 0.889
  721 | Wesley               |   3 | 0.694 | 0.902 | 1.299 | 0.846
  722 | Cal St. East Bay     |   2 | 0.694 | 0.841 | 1.213 | 0.922
  723 | Mary Washington      |   3 | 0.694 | 0.917 | 1.322 | 0.843
  724 | Wis.-Oshkosh         |   3 | 0.693 | 0.830 | 1.197 | 0.870
  725 | Okla. Panhandle      |   2 | 0.693 | 0.848 | 1.224 | 0.922
  726 | Albright             |   3 | 0.693 | 0.852 | 1.230 | 0.830
  727 | Otterbein            |   3 | 0.693 | 0.828 | 1.196 | 0.850
  728 | Ohio Wesleyan        |   3 | 0.692 | 0.816 | 1.180 | 0.842
  729 | North Greenville     |   2 | 0.691 | 0.911 | 1.318 | 0.882
  730 | Concordia (TX)       |   3 | 0.691 | 1.064 | 1.540 | 0.839
  731 | Olivet               |   3 | 0.690 | 0.850 | 1.232 | 0.845
  732 | Wash. & Lee          |   3 | 0.690 | 0.842 | 1.220 | 0.854
  733 | Hood                 |   3 | 0.689 | 0.795 | 1.154 | 0.841
  734 | Holy Family          |   2 | 0.688 | 0.879 | 1.277 | 0.901
  735 | Salisbury            |   3 | 0.688 | 0.799 | 1.161 | 0.844
  736 | Widener              |   3 | 0.687 | 0.880 | 1.280 | 0.853
  737 | Henderson St.        |   2 | 0.687 | 0.844 | 1.229 | 0.912
  738 | N.C. Wesleyan        |   3 | 0.687 | 0.893 | 1.300 | 0.856
  739 | Manhattanville       |   3 | 0.687 | 0.812 | 1.181 | 0.844
  740 | Kings (PA)           |   3 | 0.687 | 0.884 | 1.287 | 0.837
  741 | Lenoir-Rhyne         |   2 | 0.687 | 0.748 | 1.089 | 0.907
  742 | Coe                  |   3 | 0.686 | 0.800 | 1.166 | 0.826
  743 | Menlo                |   3 | 0.686 | 0.847 | 1.235 | 0.874
  744 | Academy of Art       |   2 | 0.685 | 0.836 | 1.220 | 0.897
  745 | Muhlenberg           |   3 | 0.685 | 0.805 | 1.176 | 0.827
  746 | Fort Valley St.      |   2 | 0.684 | 0.808 | 1.180 | 0.883
  747 | Wentworth Inst.      |   3 | 0.684 | 0.766 | 1.120 | 0.811
  748 | Chris. Newport       |   3 | 0.684 | 0.895 | 1.308 | 0.842
  749 | Dickinson            |   3 | 0.684 | 0.822 | 1.203 | 0.838
  750 | Mississippi Col.     |   3 | 0.684 | 0.854 | 1.247 | 0.838
  751 | Misericordia         |   3 | 0.682 | 0.817 | 1.199 | 0.840
  752 | Salem St.            |   3 | 0.682 | 0.903 | 1.323 | 0.817
  753 | Redlands             |   3 | 0.682 | 0.843 | 1.236 | 0.847
  754 | Albion               |   3 | 0.682 | 0.803 | 1.178 | 0.838
  755 | Brandeis             |   3 | 0.682 | 0.766 | 1.124 | 0.839
  756 | Defiance             |   3 | 0.682 | 0.910 | 1.334 | 0.836
  757 | Oglethorpe           |   3 | 0.681 | 0.848 | 1.244 | 0.829
  758 | Webster              |   3 | 0.681 | 0.766 | 1.124 | 0.799
  759 | Johnson & Wales (RI) |   3 | 0.680 | 0.939 | 1.382 | 0.812
  760 | Medgar Evers         |   3 | 0.680 | 0.817 | 1.202 | 0.818
  761 | DePauw               |   3 | 0.679 | 0.769 | 1.132 | 0.828
  762 | Hartwick             |   3 | 0.679 | 0.882 | 1.299 | 0.828
  763 | Medaille             |   3 | 0.679 | 0.839 | 1.235 | 0.798
  764 | Neumann              |   3 | 0.678 | 0.882 | 1.301 | 0.827
  765 | Molloy               |   2 | 0.678 | 0.784 | 1.155 | 0.883
  766 | Puget Sound          |   3 | 0.678 | 0.849 | 1.252 | 0.865
  767 | Messiah              |   3 | 0.677 | 0.755 | 1.115 | 0.849
  768 | Trinity (TX)         |   3 | 0.677 | 0.753 | 1.112 | 0.821
  769 | Mt. St. Mary (NY)    |   3 | 0.677 | 0.835 | 1.234 | 0.807
  770 | Colorado Col.        |   3 | 0.677 | 0.823 | 1.216 | 0.833
  771 | Miles                |   2 | 0.676 | 0.757 | 1.120 | 0.876
  772 | Albertus Magnus      |   3 | 0.676 | 0.964 | 1.427 | 0.815
  773 | Eastern              |   3 | 0.676 | 0.746 | 1.103 | 0.834
  774 | Virginia St.         |   2 | 0.676 | 0.805 | 1.191 | 0.895
  775 | Cal Lutheran         |   3 | 0.675 | 0.781 | 1.157 | 0.839
  776 | Minn.-Crookston      |   2 | 0.675 | 0.815 | 1.207 | 0.891
  777 | Lakeland             |   3 | 0.674 | 0.869 | 1.289 | 0.822
  778 | Adrian               |   3 | 0.674 | 0.686 | 1.018 | 0.845
  779 | Delaware Valley      |   3 | 0.673 | 0.900 | 1.337 | 0.843
  780 | Ohio Northern        |   3 | 0.673 | 0.791 | 1.177 | 0.844
  781 | Wis.-Stout           |   3 | 0.673 | 0.927 | 1.377 | 0.859
  782 | P.R.-Bayamon         |   2 | 0.673 | 0.863 | 1.283 | 0.915
  783 | Merchant Marine      |   3 | 0.673 | 0.822 | 1.221 | 0.828
  784 | Lane                 |   2 | 0.672 | 0.813 | 1.210 | 0.878
  785 | Geneva               |   3 | 0.672 | 0.899 | 1.339 | 0.821
  786 | Rose-Hulman          |   3 | 0.671 | 0.738 | 1.100 | 0.820
  787 | St. Vincent          |   3 | 0.671 | 0.826 | 1.231 | 0.814
  788 | Dominican (CA)       |   2 | 0.670 | 0.787 | 1.175 | 0.922
  789 | Gettysburg           |   3 | 0.670 | 0.742 | 1.108 | 0.839
  790 | La Roche             |   3 | 0.669 | 0.790 | 1.180 | 0.796
  791 | Mass.-Dartmouth      |   3 | 0.669 | 0.882 | 1.318 | 0.851
  792 | Wilmington (OH)      |   3 | 0.667 | 0.869 | 1.303 | 0.845
  793 | Connecticut Col.     |   3 | 0.667 | 0.792 | 1.187 | 0.859
  794 | Southeastern Okla.   |   2 | 0.665 | 0.781 | 1.175 | 0.927
  795 | McDaniel             |   3 | 0.665 | 0.721 | 1.084 | 0.829
  796 | Occidental           |   3 | 0.665 | 0.709 | 1.066 | 0.857
  797 | Thomas More          |   3 | 0.665 | 0.862 | 1.297 | 0.836
  798 | Union (NY)           |   3 | 0.664 | 0.821 | 1.236 | 0.840
  799 | Heidelberg           |   3 | 0.662 | 0.839 | 1.268 | 0.843
  800 | Texas Lutheran       |   3 | 0.661 | 0.778 | 1.178 | 0.843
  801 | Brockport            |   3 | 0.661 | 0.825 | 1.248 | 0.835
  802 | Chicago              |   3 | 0.660 | 0.843 | 1.277 | 0.850
  803 | Dubuque              |   3 | 0.660 | 0.844 | 1.279 | 0.827
  804 | Utica                |   3 | 0.660 | 0.834 | 1.264 | 0.834
  805 | Old Westbury         |   3 | 0.660 | 0.886 | 1.343 | 0.813
  806 | Haverford            |   3 | 0.660 | 0.848 | 1.285 | 0.835
  807 | Rowan                |   3 | 0.660 | 0.839 | 1.272 | 0.837
  808 | Carroll (WI)         |   3 | 0.659 | 0.851 | 1.293 | 0.846
  809 | Beloit               |   3 | 0.659 | 0.787 | 1.193 | 0.847
  810 | Roger Williams       |   3 | 0.659 | 0.752 | 1.142 | 0.825
  811 | Salve Regina         |   3 | 0.658 | 0.850 | 1.292 | 0.814
  812 | North Park           |   3 | 0.656 | 0.802 | 1.223 | 0.845
  813 | Whittier             |   3 | 0.655 | 0.830 | 1.267 | 0.842
  814 | Concordia Chicago    |   3 | 0.655 | 0.810 | 1.237 | 0.821
  815 | Plymouth St.         |   3 | 0.654 | 0.831 | 1.271 | 0.836
  816 | Schreiner            |   3 | 0.654 | 0.907 | 1.388 | 0.834
  817 | Kalamazoo            |   3 | 0.654 | 0.848 | 1.296 | 0.831
  818 | St. Josephs (L.I.)   |   3 | 0.654 | 0.951 | 1.454 | 0.804
  819 | St. Thomas Aquinas   |   2 | 0.654 | 0.732 | 1.120 | 0.878
  820 | Ursinus              |   3 | 0.653 | 0.866 | 1.327 | 0.830
  821 | Lees-McRae           |   2 | 0.653 | 0.855 | 1.309 | 0.884
  822 | Staten Island        |   3 | 0.652 | 0.856 | 1.314 | 0.818
  823 | Farmingdale St.      |   3 | 0.650 | 0.888 | 1.365 | 0.812
  824 | La Verne             |   3 | 0.650 | 0.730 | 1.124 | 0.846
  825 | Texas-Tyler          |   3 | 0.649 | 0.784 | 1.208 | 0.843
  826 | SUNY Cortland        |   3 | 0.649 | 0.782 | 1.205 | 0.829
  827 | Maryville (MO)       |   2 | 0.649 | 0.709 | 1.092 | 0.915
  828 | Buena Vista          |   3 | 0.648 | 0.854 | 1.319 | 0.830
  829 | Juniata              |   3 | 0.648 | 0.758 | 1.169 | 0.827
  830 | Louisiana Col.       |   3 | 0.647 | 0.856 | 1.323 | 0.854
  831 | St. Josephs (ME)     |   3 | 0.647 | 0.823 | 1.272 | 0.814
  832 | Greensboro           |   3 | 0.646 | 0.814 | 1.259 | 0.835
  833 | Babson               |   3 | 0.646 | 0.784 | 1.214 | 0.841
  834 | Sul Ross St.         |   3 | 0.646 | 0.805 | 1.245 | 0.847
  835 | Brooklyn             |   3 | 0.646 | 0.847 | 1.311 | 0.816
  836 | Lincoln (PA)         |   2 | 0.645 | 0.727 | 1.127 | 0.893
  837 | George Fox           |   3 | 0.644 | 0.834 | 1.295 | 0.865
  838 | St. Marys (MN)       |   3 | 0.643 | 0.798 | 1.240 | 0.854
  839 | Kenyon               |   3 | 0.643 | 0.833 | 1.296 | 0.829
  840 | Simpson              |   3 | 0.642 | 0.849 | 1.324 | 0.832
  841 | UC Santa Cruz        |   3 | 0.642 | 0.815 | 1.269 | 0.855
  842 | Colby                |   3 | 0.642 | 0.764 | 1.189 | 0.844
  843 | Thomas (ME)          |   3 | 0.642 | 0.999 | 1.555 | 0.788
  844 | Southern Vt.         |   3 | 0.641 | 0.907 | 1.414 | 0.830
  845 | SUNY Geneseo         |   3 | 0.641 | 0.798 | 1.244 | 0.831
  846 | Berry                |   3 | 0.641 | 0.817 | 1.273 | 0.811
  847 | Clark (MA)           |   3 | 0.640 | 0.763 | 1.192 | 0.841
  848 | Frostburg St.        |   3 | 0.640 | 0.824 | 1.287 | 0.843
  849 | Susquehanna          |   3 | 0.639 | 0.865 | 1.354 | 0.838
  850 | Wheaton (MA)         |   3 | 0.639 | 0.804 | 1.257 | 0.839
  851 | Lynchburg            |   3 | 0.639 | 0.822 | 1.286 | 0.866
  852 | Rochester Inst.      |   3 | 0.638 | 0.800 | 1.254 | 0.835
  853 | Loras                |   3 | 0.638 | 0.802 | 1.258 | 0.839
  854 | Spalding             |   3 | 0.637 | 0.815 | 1.279 | 0.791
  855 | Coast Guard          |   3 | 0.637 | 0.776 | 1.219 | 0.838
  856 | Trine                |   3 | 0.637 | 0.872 | 1.369 | 0.836
  857 | Northwestern (MN)    |   3 | 0.636 | 0.795 | 1.251 | 0.786
  858 | Mount Union          |   3 | 0.636 | 0.812 | 1.278 | 0.839
  859 | Baldwin-Wallace      |   3 | 0.635 | 0.836 | 1.316 | 0.835
  860 | Willamette           |   3 | 0.635 | 0.949 | 1.495 | 0.870
  861 | Regis (MA)           |   3 | 0.634 | 0.732 | 1.155 | 0.821
  862 | FDU-Florham          |   3 | 0.633 | 0.775 | 1.225 | 0.841
  863 | Clarkson             |   3 | 0.633 | 0.767 | 1.212 | 0.827
  864 | Southern Me.         |   3 | 0.633 | 0.845 | 1.334 | 0.838
  865 | Oneonta St.          |   3 | 0.632 | 0.788 | 1.247 | 0.835
  866 | Rust                 |   3 | 0.632 | 0.896 | 1.418 | 0.802
  867 | New Paltz St.        |   3 | 0.631 | 0.845 | 1.338 | 0.830
  868 | Hunter               |   3 | 0.631 | 0.783 | 1.240 | 0.821
  869 | Nyack                |   2 | 0.630 | 0.806 | 1.281 | 0.898
  870 | Rockford             |   3 | 0.630 | 0.894 | 1.419 | 0.818
  871 | Drew                 |   3 | 0.630 | 0.847 | 1.346 | 0.831
  872 | Endicott             |   3 | 0.630 | 0.857 | 1.360 | 0.804
  873 | Norwich              |   3 | 0.629 | 0.806 | 1.282 | 0.811
  874 | New England Col.     |   3 | 0.629 | 0.757 | 1.203 | 0.782
  875 | Case                 |   3 | 0.627 | 0.813 | 1.296 | 0.837
  876 | Wis.-Eau Claire      |   3 | 0.627 | 0.753 | 1.201 | 0.860
  877 | Marywood             |   3 | 0.626 | 0.760 | 1.213 | 0.821
  878 | York (NY)            |   3 | 0.626 | 0.754 | 1.205 | 0.835
  879 | St. Lawrence         |   3 | 0.626 | 0.751 | 1.199 | 0.836
  880 | Neb. Wesleyan        |   3 | 0.626 | 0.780 | 1.247 | 0.807
  881 | Mt. St. Vincent      |   3 | 0.626 | 0.877 | 1.401 | 0.803
  882 | Linfield             |   3 | 0.624 | 0.808 | 1.295 | 0.862
  883 | Carnegie Mellon      |   3 | 0.623 | 0.785 | 1.259 | 0.855
  884 | Wells                |   3 | 0.622 | 0.821 | 1.319 | 0.791
  885 | Huntingdon           |   3 | 0.622 | 0.813 | 1.308 | 0.835
  886 | P.R.-Mayaguez        |   2 | 0.621 | 0.793 | 1.278 | 0.907
  887 | Elmhurst             |   3 | 0.620 | 0.789 | 1.271 | 0.848
  888 | Wash. & Jeff.        |   3 | 0.620 | 0.719 | 1.160 | 0.819
  889 | William Penn         |   3 | 0.620 | 0.843 | 1.360 | 0.781
  890 | Westminster (MO)     |   3 | 0.618 | 0.753 | 1.218 | 0.797
  891 | Pacific (OR)         |   3 | 0.617 | 0.777 | 1.260 | 0.861
  892 | Methodist            |   3 | 0.617 | 0.805 | 1.305 | 0.839
  893 | Denison              |   3 | 0.616 | 0.805 | 1.306 | 0.840
  894 | Franklin             |   3 | 0.616 | 0.860 | 1.398 | 0.836
  895 | Newbury              |   3 | 0.616 | 0.781 | 1.267 | 0.819
  896 | Mass. Liberal Arts   |   3 | 0.616 | 0.853 | 1.384 | 0.812
  897 | Roanoke              |   3 | 0.616 | 0.872 | 1.416 | 0.863
  898 | SUNYIT               |   3 | 0.615 | 0.828 | 1.347 | 0.791
  899 | Mercy                |   2 | 0.615 | 0.906 | 1.473 | 0.883
  900 | Castleton            |   3 | 0.614 | 0.780 | 1.271 | 0.803
  901 | Ozarks (AR)          |   3 | 0.614 | 0.850 | 1.384 | 0.835
  902 | Central (IA)         |   3 | 0.613 | 0.796 | 1.298 | 0.819
  903 | Lehman               |   3 | 0.613 | 0.781 | 1.274 | 0.807
  904 | Washington Col.      |   3 | 0.612 | 0.846 | 1.384 | 0.834
  905 | Wheelock             |   3 | 0.611 | 0.800 | 1.310 | 0.814
  906 | Me.-Farmington       |   3 | 0.611 | 0.769 | 1.259 | 0.793
  907 | Dominican (IL)       |   3 | 0.610 | 0.797 | 1.307 | 0.830
  908 | Immaculata           |   3 | 0.610 | 0.745 | 1.221 | 0.827
  909 | Daniel Webster       |   3 | 0.608 | 0.776 | 1.277 | 0.807
  910 | Colby-Sawyer         |   3 | 0.607 | 0.774 | 1.275 | 0.813
  911 | Westminster (PA)     |   3 | 0.607 | 0.831 | 1.370 | 0.819
  912 | Muskingum            |   3 | 0.605 | 0.721 | 1.191 | 0.841
  913 | Pomona-Pitzer        |   3 | 0.605 | 0.689 | 1.140 | 0.843
  914 | Moravian             |   3 | 0.603 | 0.794 | 1.317 | 0.834
  915 | Gallaudet            |   3 | 0.601 | 0.800 | 1.331 | 0.790
  916 | Cobleskill St.       |   3 | 0.601 | 0.770 | 1.281 | 0.799
  917 | Westfield St.        |   3 | 0.601 | 0.771 | 1.283 | 0.814
  918 | Marymount (VA)       |   3 | 0.600 | 0.740 | 1.233 | 0.840
  919 | SUNY Potsdam         |   3 | 0.599 | 0.744 | 1.242 | 0.835
  920 | Pitt.-Bradford       |   3 | 0.599 | 0.873 | 1.458 | 0.804
  921 | Mt. St. Joseph       |   3 | 0.597 | 0.794 | 1.330 | 0.846
  922 | Erskine              |   2 | 0.597 | 0.633 | 1.061 | 0.893
  923 | Wartburg             |   3 | 0.596 | 0.804 | 1.349 | 0.825
  924 | Lyndon St.           |   3 | 0.596 | 0.881 | 1.479 | 0.807
  925 | Oakland City         |   2 | 0.595 | 0.732 | 1.229 | 0.926
  926 | Johns Hopkins        |   3 | 0.594 | 0.694 | 1.168 | 0.841
  927 | Penn St.-Harrisburg  |   3 | 0.594 | 0.878 | 1.477 | 0.793
  928 | Sage Colleges        |   3 | 0.593 | 0.819 | 1.382 | 0.811
  929 | Macalester           |   3 | 0.592 | 0.813 | 1.374 | 0.871
  930 | Hendrix              |   3 | 0.592 | 0.773 | 1.306 | 0.808
  931 | TCNJ                 |   3 | 0.591 | 0.761 | 1.287 | 0.857
  932 | Rivier               |   3 | 0.590 | 0.771 | 1.308 | 0.806
  933 | City Tech            |   3 | 0.589 | 0.793 | 1.346 | 0.830
  934 | MacMurray            |   3 | 0.588 | 0.826 | 1.404 | 0.807
  935 | Emerson              |   3 | 0.586 | 0.727 | 1.240 | 0.813
  936 | Allegheny            |   3 | 0.585 | 0.814 | 1.391 | 0.846
  937 | Centenary (NJ)       |   3 | 0.585 | 0.791 | 1.353 | 0.820
  938 | Knox                 |   3 | 0.585 | 0.798 | 1.364 | 0.840
  939 | Minn.-Morris         |   3 | 0.584 | 0.820 | 1.404 | 0.772
  940 | Cornell College      |   3 | 0.583 | 0.772 | 1.324 | 0.826
  941 | Rutgers-Camden       |   3 | 0.582 | 0.692 | 1.189 | 0.847
  942 | Maranatha Baptist    |   3 | 0.582 | 0.767 | 1.319 | 0.823
  943 | Emory & Henry        |   3 | 0.581 | 0.751 | 1.292 | 0.865
  944 | Marian (WI)          |   3 | 0.580 | 0.785 | 1.353 | 0.824
  945 | Howard Payne         |   3 | 0.577 | 0.829 | 1.437 | 0.845
  946 | Gordon               |   3 | 0.576 | 0.707 | 1.228 | 0.823
  947 | Clarke               |   3 | 0.576 | 0.832 | 1.444 | 0.868
  948 | Rhodes               |   3 | 0.575 | 0.702 | 1.223 | 0.816
  949 | Western New Eng.     |   3 | 0.573 | 0.768 | 1.340 | 0.822
  950 | Morrisville St.      |   3 | 0.573 | 0.775 | 1.353 | 0.787
  951 | Alfred               |   3 | 0.573 | 0.754 | 1.316 | 0.834
  952 | Grove City           |   3 | 0.573 | 0.645 | 1.125 | 0.825
  953 | Framingham St.       |   3 | 0.572 | 0.773 | 1.350 | 0.815
  954 | Shenandoah           |   3 | 0.571 | 0.764 | 1.337 | 0.854
  955 | Piedmont             |   3 | 0.571 | 0.835 | 1.464 | 0.824
  956 | John Jay             |   3 | 0.571 | 0.837 | 1.465 | 0.811
  957 | Lasell               |   3 | 0.570 | 0.818 | 1.436 | 0.821
  958 | Mount Ida            |   3 | 0.570 | 0.779 | 1.366 | 0.796
  959 | LaGrange             |   3 | 0.570 | 0.718 | 1.259 | 0.837
  960 | Goucher              |   3 | 0.570 | 0.718 | 1.260 | 0.831
  961 | Millsaps             |   3 | 0.569 | 0.687 | 1.207 | 0.817
  962 | Mass.-Boston         |   3 | 0.569 | 0.753 | 1.323 | 0.833
  963 | Bethany Lutheran     |   3 | 0.568 | 0.812 | 1.429 | 0.784
  964 | Eastern Nazarene     |   3 | 0.568 | 0.815 | 1.434 | 0.797
  965 | Fredonia St.         |   3 | 0.568 | 0.671 | 1.181 | 0.827
  966 | Fisk                 |   3 | 0.567 | 0.749 | 1.320 | 0.884
  967 | Baptist Bible (PA)   |   3 | 0.566 | 0.760 | 1.344 | 0.816
  968 | Lancaster Bible      |   3 | 0.566 | 0.790 | 1.396 | 0.811
  969 | Caltech              |   3 | 0.564 | 0.713 | 1.264 | 0.835
  970 | Hilbert              |   3 | 0.563 | 0.789 | 1.402 | 0.788
  971 | Wis. Lutheran        |   3 | 0.560 | 0.781 | 1.395 | 0.841
  972 | La Sierra            |   3 | 0.560 | 0.790 | 1.409 | 0.914
  973 | Worcester St.        |   3 | 0.559 | 0.754 | 1.348 | 0.814
  974 | Swarthmore           |   3 | 0.558 | 0.721 | 1.292 | 0.836
  975 | Nichols              |   3 | 0.558 | 0.755 | 1.352 | 0.806
  976 | Stevenson            |   3 | 0.558 | 0.818 | 1.465 | 0.841
  977 | Monmouth (IL)        |   3 | 0.555 | 0.740 | 1.332 | 0.847
  978 | Emmanuel (MA)        |   3 | 0.554 | 0.747 | 1.349 | 0.819
  979 | Greenville           |   3 | 0.553 | 0.797 | 1.443 | 0.793
  980 | Southwestern (TX)    |   3 | 0.552 | 0.813 | 1.472 | 0.824
  981 | Waynesburg           |   3 | 0.552 | 0.767 | 1.390 | 0.822
  982 | Sewanee              |   3 | 0.551 | 0.704 | 1.278 | 0.828
  983 | Rosemont             |   3 | 0.550 | 0.719 | 1.307 | 0.824
  984 | Curry                |   3 | 0.548 | 0.774 | 1.414 | 0.826
  985 | Pitt.-Greensburg     |   3 | 0.545 | 0.719 | 1.319 | 0.789
  986 | Suffolk              |   3 | 0.544 | 0.785 | 1.442 | 0.808
  987 | CCNY                 |   3 | 0.544 | 0.740 | 1.360 | 0.818
  988 | Yeshiva              |   3 | 0.543 | 0.724 | 1.334 | 0.808
  989 | Earlham              |   3 | 0.541 | 0.720 | 1.330 | 0.836
  990 | Lesley               |   3 | 0.540 | 0.736 | 1.362 | 0.824
  991 | SUNY Maritime        |   3 | 0.540 | 0.723 | 1.339 | 0.809
  992 | Fitchburg St.        |   3 | 0.537 | 0.730 | 1.361 | 0.814
  993 | Elmira               |   3 | 0.535 | 0.699 | 1.307 | 0.846
  994 | Mt. Aloysius         |   3 | 0.534 | 0.950 | 1.780 | 0.790
  995 | Penn St.-Berks       |   3 | 0.532 | 0.819 | 1.540 | 0.793
  996 | Martin Luther        |   3 | 0.531 | 0.746 | 1.404 | 0.779
  997 | Alma                 |   3 | 0.530 | 0.749 | 1.412 | 0.848
  998 | North Central (MN)   |   3 | 0.529 | 0.824 | 1.559 | 0.768
  999 | Maine Maritime       |   3 | 0.525 | 0.668 | 1.273 | 0.783
 1000 | U New England        |   3 | 0.524 | 0.689 | 1.314 | 0.823
 1001 | Mitchell             |   3 | 0.524 | 0.745 | 1.420 | 0.811
 1002 | Keuka                |   3 | 0.523 | 0.649 | 1.242 | 0.783
 1003 | Presentation         |   3 | 0.520 | 0.808 | 1.553 | 0.776
 1004 | St. Scholastica      |   3 | 0.520 | 0.713 | 1.371 | 0.789
 1005 | Millikin             |   3 | 0.517 | 0.639 | 1.237 | 0.852
 1006 | Finlandia            |   3 | 0.516 | 0.800 | 1.549 | 0.800
 1007 | Lincoln Christian    |   3 | 0.515 | 0.800 | 1.554 | 0.761
 1008 | Lock Haven           |   2 | 0.515 | 0.691 | 1.341 | 0.914
 1009 | LeTourneau           |   3 | 0.515 | 0.712 | 1.383 | 0.836
 1010 | Principia            |   3 | 0.512 | 0.811 | 1.584 | 0.793
 1011 | DYouville            |   3 | 0.506 | 0.674 | 1.331 | 0.799
 1012 | Oberlin              |   3 | 0.505 | 0.700 | 1.386 | 0.835
 1013 | Fontbonne            |   3 | 0.502 | 0.703 | 1.400 | 0.818
 1014 | Dallas               |   3 | 0.498 | 0.663 | 1.331 | 0.825
 1015 | Penn St.-Altoona     |   3 | 0.495 | 0.726 | 1.467 | 0.797
 1016 | Johnson St.          |   3 | 0.494 | 0.647 | 1.311 | 0.795
 1017 | Penn St.-Abington    |   3 | 0.490 | 0.769 | 1.571 | 0.801
 1018 | Eureka               |   3 | 0.490 | 0.668 | 1.363 | 0.805
 1019 | Franciscan           |   3 | 0.490 | 0.682 | 1.393 | 0.799
 1020 | St. Josephs (Brkln)  |   3 | 0.488 | 0.728 | 1.490 | 0.818
 1021 | Cazenovia            |   3 | 0.487 | 0.751 | 1.541 | 0.796
 1022 | Vassar               |   3 | 0.484 | 0.627 | 1.297 | 0.851
 1023 | Phila. Biblical      |   3 | 0.477 | 0.720 | 1.512 | 0.825
 1024 | Me.-Presque Isle     |   3 | 0.477 | 0.729 | 1.530 | 0.801
 1025 | Crown (MN)           |   3 | 0.471 | 0.760 | 1.612 | 0.783
 1026 | Polytechnic (NY)     |   3 | 0.446 | 0.668 | 1.497 | 0.821
 1027 | Northland            |   3 | 0.441 | 0.601 | 1.363 | 0.786
 1028 | Green Mountain       |   3 | 0.336 | 0.527 | 1.567 | 0.803
(1028 rows)

COMMIT
