BEGIN
CREATE TABLE
INSERT 0 1022
  rk  |        school        | div |  str  |  ofs  |  dfs  |  sos  
------+----------------------+-----+-------+-------+-------+-------
    1 | Ohio St.             |   1 | 1.422 | 1.176 | 0.827 | 1.062
    2 | Kentucky             |   1 | 1.413 | 1.203 | 0.852 | 1.049
    3 | Kansas               |   1 | 1.377 | 1.193 | 0.866 | 1.064
    4 | Michigan St.         |   1 | 1.375 | 1.142 | 0.830 | 1.063
    5 | Wisconsin            |   1 | 1.365 | 1.001 | 0.733 | 1.056
    6 | Syracuse             |   1 | 1.342 | 1.176 | 0.876 | 1.051
    7 | North Carolina       |   1 | 1.341 | 1.261 | 0.940 | 1.048
    8 | Wichita St.          |   1 | 1.311 | 1.188 | 0.906 | 1.026
    9 | Missouri             |   1 | 1.310 | 1.237 | 0.944 | 1.039
   10 | Indiana              |   1 | 1.305 | 1.217 | 0.933 | 1.055
   11 | Georgetown           |   1 | 1.287 | 1.064 | 0.827 | 1.044
   12 | Duke                 |   1 | 1.282 | 1.237 | 0.965 | 1.055
   13 | New Mexico           |   1 | 1.279 | 1.100 | 0.860 | 1.021
   14 | Baylor               |   1 | 1.270 | 1.141 | 0.899 | 1.054
   15 | St. Louis            |   1 | 1.265 | 1.035 | 0.818 | 1.024
   16 | Florida              |   1 | 1.262 | 1.207 | 0.956 | 1.048
   17 | Memphis              |   1 | 1.261 | 1.171 | 0.929 | 1.037
   18 | Marquette            |   1 | 1.255 | 1.179 | 0.940 | 1.049
   19 | Virginia             |   1 | 1.249 | 0.956 | 0.765 | 1.028
   20 | California           |   1 | 1.246 | 1.098 | 0.882 | 1.027
   21 | Alabama              |   1 | 1.236 | 1.019 | 0.824 | 1.045
   22 | Texas                |   1 | 1.235 | 1.131 | 0.916 | 1.053
   23 | Kansas St.           |   1 | 1.234 | 1.118 | 0.906 | 1.050
   24 | Michigan             |   1 | 1.229 | 1.053 | 0.857 | 1.056
   25 | Purdue               |   1 | 1.226 | 1.126 | 0.919 | 1.055
   26 | Vanderbilt           |   1 | 1.225 | 1.139 | 0.930 | 1.052
   27 | Louisville           |   1 | 1.225 | 1.073 | 0.876 | 1.057
   28 | Florida St.          |   1 | 1.219 | 1.071 | 0.878 | 1.051
   29 | Belmont              |   1 | 1.218 | 1.196 | 0.982 | 1.002
   30 | UNLV                 |   1 | 1.211 | 1.178 | 0.973 | 1.033
   31 | Gonzaga              |   1 | 1.206 | 1.104 | 0.916 | 1.025
   32 | Iowa St.             |   1 | 1.200 | 1.132 | 0.943 | 1.050
   33 | BYU                  |   1 | 1.194 | 1.169 | 0.980 | 1.010
   34 | Creighton            |   1 | 1.192 | 1.203 | 1.009 | 1.028
   35 | St. Marys (CA)       |   1 | 1.190 | 1.083 | 0.910 | 1.006
   36 | Harvard              |   1 | 1.188 | 0.984 | 0.828 | 0.997
   37 | Connecticut          |   1 | 1.186 | 1.078 | 0.909 | 1.053
   38 | Temple               |   1 | 1.184 | 1.164 | 0.983 | 1.035
   39 | Long Beach St.       |   1 | 1.182 | 1.108 | 0.937 | 1.004
   40 | Cincinnati           |   1 | 1.181 | 1.053 | 0.891 | 1.040
   41 | West Virginia        |   1 | 1.178 | 1.120 | 0.951 | 1.048
   42 | Arizona              |   1 | 1.174 | 1.064 | 0.906 | 1.027
   43 | Notre Dame           |   1 | 1.172 | 1.027 | 0.876 | 1.041
   44 | Stanford             |   1 | 1.168 | 1.053 | 0.902 | 1.025
   45 | San Diego St.        |   1 | 1.167 | 1.070 | 0.916 | 1.024
   46 | Miami (FL)           |   1 | 1.165 | 1.096 | 0.941 | 1.039
   47 | Seton Hall           |   1 | 1.161 | 1.059 | 0.912 | 1.038
   48 | Middle Tenn.         |   1 | 1.157 | 1.060 | 0.916 | 1.003
   49 | North Carolina St.   |   1 | 1.154 | 1.135 | 0.984 | 1.046
   50 | Minnesota            |   1 | 1.152 | 1.059 | 0.919 | 1.053
   51 | VCU                  |   1 | 1.152 | 1.053 | 0.914 | 1.010
   52 | UCLA                 |   1 | 1.151 | 1.068 | 0.928 | 1.028
   53 | Illinois             |   1 | 1.150 | 1.033 | 0.898 | 1.054
   54 | Iona                 |   1 | 1.149 | 1.225 | 1.065 | 0.998
   55 | Murray St.           |   1 | 1.147 | 1.085 | 0.946 | 0.991
   56 | Wyoming              |   1 | 1.145 | 0.936 | 0.817 | 1.011
   57 | Northwestern         |   1 | 1.145 | 1.107 | 0.967 | 1.054
   58 | Drexel               |   1 | 1.142 | 0.981 | 0.859 | 0.997
   59 | La Salle             |   1 | 1.142 | 1.091 | 0.955 | 1.018
   60 | Xavier               |   1 | 1.140 | 1.097 | 0.962 | 1.043
   61 | Davidson             |   1 | 1.139 | 1.139 | 1.000 | 0.996
   62 | Colorado             |   1 | 1.137 | 1.050 | 0.924 | 1.026
   63 | Washington           |   1 | 1.137 | 1.132 | 0.995 | 1.033
   64 | St. Josephs          |   1 | 1.137 | 1.097 | 0.965 | 1.033
   65 | South Dakota St.     |   1 | 1.134 | 1.141 | 1.006 | 0.995
   66 | Dayton               |   1 | 1.133 | 1.105 | 0.975 | 1.031
   67 | Virginia Tech        |   1 | 1.133 | 1.025 | 0.904 | 1.042
   68 | Southern Miss.       |   1 | 1.132 | 1.092 | 0.965 | 1.024
   69 | St. Bonaventure      |   1 | 1.129 | 1.057 | 0.936 | 1.022
   70 | Clemson              |   1 | 1.128 | 1.002 | 0.888 | 1.025
   71 | Tennessee            |   1 | 1.127 | 1.042 | 0.925 | 1.038
   72 | South Fla.           |   1 | 1.124 | 0.923 | 0.821 | 1.044
   73 | UNI                  |   1 | 1.123 | 0.999 | 0.890 | 1.028
   74 | New Mexico St.       |   1 | 1.122 | 1.142 | 1.018 | 1.002
   75 | Denver               |   1 | 1.122 | 1.024 | 0.912 | 0.996
   76 | Mississippi St.      |   1 | 1.122 | 1.097 | 0.977 | 1.031
   77 | Oregon               |   1 | 1.121 | 1.100 | 0.981 | 1.031
   78 | Cleveland St.        |   1 | 1.120 | 1.009 | 0.901 | 1.009
   79 | Oregon St.           |   1 | 1.120 | 1.202 | 1.073 | 1.016
   80 | Missouri St.         |   1 | 1.119 | 1.018 | 0.910 | 1.024
   81 | Oklahoma St.         |   1 | 1.114 | 1.064 | 0.956 | 1.058
   82 | Ohio                 |   1 | 1.113 | 1.052 | 0.945 | 1.004
   83 | Pittsburgh           |   1 | 1.111 | 1.052 | 0.947 | 1.039
   84 | Colorado St.         |   1 | 1.111 | 1.094 | 0.985 | 1.037
   85 | Akron                |   1 | 1.110 | 1.085 | 0.978 | 1.009
   86 | Oral Roberts         |   1 | 1.110 | 1.079 | 0.972 | 0.998
   87 | Marshall             |   1 | 1.110 | 1.051 | 0.947 | 1.035
   88 | Georgia St.          |   1 | 1.108 | 0.994 | 0.897 | 0.991
   89 | Tulsa                |   1 | 1.107 | 1.031 | 0.931 | 1.021
   90 | Illinois St.         |   1 | 1.107 | 1.029 | 0.930 | 1.022
   91 | LSU                  |   1 | 1.106 | 1.017 | 0.920 | 1.034
   92 | Oklahoma             |   1 | 1.105 | 1.068 | 0.967 | 1.045
   93 | Villanova            |   1 | 1.105 | 1.122 | 1.016 | 1.050
   94 | Lehigh               |   1 | 1.102 | 1.098 | 0.997 | 0.981
   95 | Massachusetts        |   1 | 1.100 | 1.139 | 1.035 | 1.023
   96 | Wagner               |   1 | 1.099 | 1.055 | 0.960 | 0.980
   97 | Iowa                 |   1 | 1.097 | 1.122 | 1.023 | 1.045
   98 | Montana              |   1 | 1.096 | 0.997 | 0.909 | 0.989
   99 | Texas-Arlington      |   1 | 1.095 | 1.106 | 1.010 | 0.978
  100 | Mississippi          |   1 | 1.094 | 1.026 | 0.938 | 1.036
  101 | Buffalo              |   1 | 1.091 | 1.075 | 0.985 | 1.004
  102 | Mercer               |   1 | 1.090 | 1.003 | 0.920 | 0.999
  103 | Rutgers              |   1 | 1.090 | 1.026 | 0.942 | 1.038
  104 | Arkansas             |   1 | 1.089 | 1.117 | 1.027 | 1.025
  105 | Washington St.       |   1 | 1.086 | 1.064 | 0.980 | 1.020
  106 | Bucknell             |   1 | 1.085 | 1.013 | 0.933 | 0.988
  107 | Old Dominion         |   1 | 1.084 | 0.989 | 0.913 | 1.010
  108 | George Mason         |   1 | 1.083 | 1.060 | 0.979 | 0.999
  109 | Richmond             |   1 | 1.081 | 1.036 | 0.958 | 1.025
  110 | UCF                  |   1 | 1.079 | 1.001 | 0.928 | 1.018
  111 | Nevada               |   1 | 1.078 | 1.033 | 0.958 | 1.000
  112 | Kent St.             |   1 | 1.074 | 1.070 | 0.996 | 1.001
  113 | Texas A&M            |   1 | 1.073 | 0.939 | 0.875 | 1.041
  114 | Fairfield            |   1 | 1.072 | 0.975 | 0.909 | 1.002
  115 | Georgia              |   1 | 1.071 | 0.978 | 0.913 | 1.051
  116 | Manhattan            |   1 | 1.065 | 1.028 | 0.965 | 0.984
  117 | Providence           |   1 | 1.064 | 1.071 | 1.006 | 1.030
  118 | Evansville           |   1 | 1.063 | 1.103 | 1.038 | 1.021
  119 | Butler               |   1 | 1.062 | 0.973 | 0.916 | 1.010
  120 | Lamar                |   1 | 1.061 | 1.067 | 1.005 | 0.987
  121 | UC Santa Barbara     |   1 | 1.061 | 1.059 | 0.998 | 0.997
  122 | Bowling Green        |   1 | 1.059 | 1.005 | 0.949 | 1.007
  123 | Bellarmine           |   2 | 1.057 | 1.134 | 1.073 | 0.944
  124 | Duquesne             |   1 | 1.057 | 1.079 | 1.021 | 1.028
  125 | Penn St.             |   1 | 1.056 | 0.980 | 0.928 | 1.053
  126 | Weber St.            |   1 | 1.056 | 1.092 | 1.034 | 0.987
  127 | Milwaukee            |   1 | 1.056 | 0.975 | 0.924 | 1.004
  128 | Princeton            |   1 | 1.054 | 1.002 | 0.951 | 0.994
  129 | UNC Asheville        |   1 | 1.051 | 1.129 | 1.074 | 0.983
  130 | Utah St.             |   1 | 1.050 | 0.989 | 0.942 | 1.004
  131 | Robert Morris        |   1 | 1.048 | 0.986 | 0.941 | 0.985
  132 | Boise St.            |   1 | 1.048 | 1.033 | 0.986 | 1.018
  133 | UTEP                 |   1 | 1.046 | 0.978 | 0.935 | 1.021
  134 | Stony Brook          |   1 | 1.045 | 0.962 | 0.920 | 0.967
  135 | UAB                  |   1 | 1.044 | 0.915 | 0.877 | 1.027
  136 | Drake                |   1 | 1.042 | 1.020 | 0.979 | 1.020
  137 | Rice                 |   1 | 1.042 | 1.029 | 0.987 | 1.001
  138 | Valparaiso           |   1 | 1.041 | 1.040 | 1.000 | 1.009
  139 | Detroit              |   1 | 1.040 | 1.087 | 1.045 | 1.006
  140 | TCU                  |   1 | 1.040 | 1.092 | 1.050 | 1.027
  141 | Indiana St.          |   1 | 1.039 | 0.992 | 0.955 | 1.019
  142 | Penn                 |   1 | 1.038 | 0.994 | 0.958 | 1.011
  143 | Maryland             |   1 | 1.036 | 1.049 | 1.013 | 1.041
  144 | Loyola Marymount     |   1 | 1.036 | 1.025 | 0.990 | 1.013
  145 | Vermont              |   1 | 1.036 | 0.994 | 0.960 | 0.979
  146 | Loyola Maryland      |   1 | 1.036 | 0.992 | 0.958 | 0.994
  147 | Stephen F. Austin    |   1 | 1.035 | 0.882 | 0.852 | 0.966
  148 | Col. of Charleston   |   1 | 1.035 | 1.033 | 0.998 | 0.994
  149 | St. Johns (NY)       |   1 | 1.032 | 1.040 | 1.008 | 1.044
  150 | Nebraska             |   1 | 1.032 | 0.948 | 0.918 | 1.055
  151 | South Carolina       |   1 | 1.031 | 0.966 | 0.937 | 1.040
  152 | Charlotte            |   1 | 1.031 | 1.017 | 0.986 | 1.023
  153 | Yale                 |   1 | 1.027 | 1.014 | 0.987 | 0.979
  154 | San Francisco        |   1 | 1.026 | 1.092 | 1.065 | 0.998
  155 | S.C. Upstate         |   1 | 1.026 | 1.034 | 1.008 | 0.996
  156 | East Carolina        |   1 | 1.026 | 1.009 | 0.984 | 1.013
  157 | North Dakota St.     |   1 | 1.023 | 1.046 | 1.023 | 0.990
  158 | Quinnipiac           |   1 | 1.023 | 1.021 | 0.998 | 0.979
  159 | East Tenn. St.       |   1 | 1.023 | 0.978 | 0.955 | 0.999
  160 | Oakland              |   1 | 1.023 | 1.182 | 1.156 | 1.005
  161 | Youngstown St.       |   1 | 1.022 | 1.019 | 0.997 | 0.993
  162 | Idaho                |   1 | 1.022 | 0.999 | 0.978 | 1.002
  163 | Auburn               |   1 | 1.020 | 0.954 | 0.935 | 1.026
  164 | Delaware             |   1 | 1.020 | 1.047 | 1.026 | 0.995
  165 | Northern Ky.         |   2 | 1.018 | 1.014 | 0.996 | 0.934
  166 | Georgia Tech         |   1 | 1.018 | 0.939 | 0.923 | 1.029
  167 | North Texas          |   1 | 1.018 | 1.031 | 1.013 | 0.984
  168 | Tulane               |   1 | 1.017 | 0.964 | 0.948 | 0.984
  169 | UTSA                 |   1 | 1.016 | 1.046 | 1.030 | 0.982
  170 | Cal St. Fullerton    |   1 | 1.015 | 1.099 | 1.082 | 0.969
  171 | Cal Poly             |   1 | 1.015 | 0.931 | 0.916 | 0.979
  172 | Air Force            |   1 | 1.014 | 0.917 | 0.905 | 1.016
  173 | DePaul               |   1 | 1.012 | 1.149 | 1.135 | 1.028
  174 | Fresno St.           |   1 | 1.007 | 0.978 | 0.971 | 1.001
  175 | George Washington    |   1 | 1.006 | 0.963 | 0.957 | 1.033
  176 | Charleston So.       |   1 | 1.006 | 1.089 | 1.083 | 0.981
  177 | American             |   1 | 1.005 | 0.942 | 0.937 | 0.981
  178 | Columbia             |   1 | 1.005 | 0.950 | 0.945 | 0.984
  179 | Green Bay            |   1 | 0.999 | 1.001 | 1.002 | 1.010
  180 | Long Island          |   1 | 0.999 | 1.180 | 1.181 | 0.984
  181 | Western Mich.        |   1 | 0.997 | 1.020 | 1.023 | 1.004
  182 | Coastal Caro.        |   1 | 0.995 | 0.993 | 0.998 | 0.970
  183 | Houston              |   1 | 0.994 | 1.057 | 1.063 | 1.007
  184 | Fla. Atlantic        |   1 | 0.991 | 0.989 | 0.998 | 1.009
  185 | Savannah St.         |   1 | 0.990 | 0.903 | 0.913 | 0.974
  186 | West Liberty         |   2 | 0.987 | 1.265 | 1.281 | 0.915
  187 | Boston U.            |   1 | 0.987 | 0.957 | 0.969 | 0.985
  188 | Wake Forest          |   1 | 0.986 | 1.009 | 1.023 | 1.028
  189 | Tennessee St.        |   1 | 0.986 | 1.003 | 1.018 | 0.987
  190 | UALR                 |   1 | 0.983 | 0.949 | 0.965 | 1.006
  191 | Miami (OH)           |   1 | 0.982 | 0.930 | 0.947 | 1.013
  192 | Wofford              |   1 | 0.981 | 0.928 | 0.945 | 0.982
  193 | Western Ill.         |   1 | 0.981 | 0.867 | 0.883 | 0.983
  194 | Ball St.             |   1 | 0.980 | 0.936 | 0.955 | 0.980
  195 | Eastern Wash.        |   1 | 0.979 | 1.029 | 1.051 | 0.980
  196 | Tennessee Tech       |   1 | 0.979 | 1.043 | 1.066 | 0.991
  197 | Fla. Gulf Coast      |   1 | 0.979 | 1.045 | 1.067 | 0.998
  198 | Portland St.         |   1 | 0.978 | 1.078 | 1.102 | 0.979
  199 | IUPUI                |   1 | 0.977 | 1.060 | 1.086 | 0.995
  200 | Northeastern         |   1 | 0.977 | 0.965 | 0.988 | 1.004
  201 | SMU                  |   1 | 0.977 | 0.883 | 0.903 | 1.011
  202 | Hofstra              |   1 | 0.976 | 0.971 | 0.996 | 1.003
  203 | La.-Lafayette        |   1 | 0.972 | 0.998 | 1.027 | 0.993
  204 | Lipscomb             |   1 | 0.971 | 1.047 | 1.078 | 0.997
  205 | Hawaii               |   1 | 0.971 | 1.082 | 1.115 | 0.993
  206 | Southern California  |   1 | 0.970 | 0.841 | 0.867 | 1.040
  207 | Louisiana Tech       |   1 | 0.968 | 1.004 | 1.037 | 0.995
  208 | Albany (NY)          |   1 | 0.967 | 1.056 | 1.092 | 0.968
  209 | Central Conn. St.    |   1 | 0.967 | 1.005 | 1.040 | 0.983
  210 | North Florida        |   1 | 0.963 | 1.004 | 1.043 | 1.004
  211 | South Ala.           |   1 | 0.963 | 0.978 | 1.015 | 0.993
  212 | Norfolk St.          |   1 | 0.962 | 0.988 | 1.027 | 0.973
  213 | Austin Peay          |   1 | 0.961 | 1.033 | 1.075 | 1.006
  214 | Cornell              |   1 | 0.961 | 0.997 | 1.038 | 1.001
  215 | St. Francis (NY)     |   1 | 0.960 | 0.986 | 1.027 | 0.973
  216 | Campbell             |   1 | 0.959 | 1.044 | 1.089 | 0.975
  217 | Morehead St.         |   1 | 0.959 | 0.896 | 0.934 | 0.982
  218 | Toledo               |   1 | 0.959 | 1.009 | 1.052 | 0.986
  219 | Midwestern St.       |   2 | 0.959 | 0.954 | 0.995 | 0.928
  220 | Seattle Pacific      |   2 | 0.957 | 0.902 | 0.942 | 0.918
  221 | Jacksonville St.     |   1 | 0.957 | 0.928 | 0.969 | 0.974
  222 | Southern Ill.        |   1 | 0.957 | 0.963 | 1.006 | 1.024
  223 | Ky. Wesleyan         |   2 | 0.955 | 1.044 | 1.093 | 0.943
  224 | Rhode Island         |   1 | 0.954 | 1.041 | 1.090 | 1.025
  225 | N.C. Central         |   1 | 0.954 | 0.965 | 1.012 | 0.968
  226 | Western Ky.          |   1 | 0.954 | 0.977 | 1.024 | 1.010
  227 | Sacred Heart         |   1 | 0.954 | 1.036 | 1.086 | 0.979
  228 | Texas Tech           |   1 | 0.953 | 0.919 | 0.964 | 1.041
  229 | Tarleton St.         |   2 | 0.953 | 0.904 | 0.949 | 0.928
  230 | Arizona St.          |   1 | 0.953 | 0.923 | 0.968 | 1.027
  231 | Wright St.           |   1 | 0.952 | 0.880 | 0.925 | 1.007
  232 | High Point           |   1 | 0.950 | 1.016 | 1.070 | 0.987
  233 | Lafayette            |   1 | 0.949 | 1.034 | 1.089 | 0.989
  234 | Rider                |   1 | 0.949 | 1.057 | 1.114 | 0.996
  235 | Utah Valley          |   1 | 0.947 | 0.962 | 1.015 | 0.967
  236 | Delaware St.         |   1 | 0.947 | 0.940 | 0.993 | 0.957
  237 | Seattle              |   1 | 0.946 | 1.085 | 1.147 | 0.987
  238 | Northern Colo.       |   1 | 0.945 | 1.058 | 1.119 | 0.996
  239 | Lewis                |   2 | 0.945 | 0.960 | 1.016 | 0.952
  240 | Winona St.           |   2 | 0.945 | 0.997 | 1.055 | 0.903
  241 | Stonehill            |   2 | 0.944 | 0.906 | 0.960 | 0.924
  242 | Southern Ind.        |   2 | 0.944 | 0.893 | 0.946 | 0.949
  243 | James Madison        |   1 | 0.944 | 0.998 | 1.056 | 0.996
  244 | Southeast Mo. St.    |   1 | 0.943 | 1.014 | 1.076 | 0.975
  245 | Holy Cross           |   1 | 0.942 | 0.955 | 1.013 | 0.988
  246 | San Diego            |   1 | 0.941 | 0.987 | 1.049 | 1.006
  247 | Arkansas St.         |   1 | 0.940 | 0.920 | 0.978 | 1.004
  248 | UNC Wilmington       |   1 | 0.939 | 0.996 | 1.060 | 1.010
  249 | FIU                  |   1 | 0.939 | 0.948 | 1.010 | 0.998
  250 | Niagara              |   1 | 0.939 | 1.032 | 1.100 | 0.994
  251 | Hillsdale            |   2 | 0.939 | 0.951 | 1.013 | 0.921
  252 | Cal St. Bakersfield  |   1 | 0.939 | 0.982 | 1.046 | 0.976
  253 | Furman               |   1 | 0.938 | 0.931 | 0.992 | 0.983
  254 | Chattanooga          |   1 | 0.938 | 0.996 | 1.062 | 0.982
  255 | Ga. Southern         |   1 | 0.938 | 0.971 | 1.034 | 0.986
  256 | Cal St. Chico        |   2 | 0.937 | 0.909 | 0.970 | 0.926
  257 | Siena                |   1 | 0.937 | 0.925 | 0.987 | 0.992
  258 | Washburn             |   2 | 0.936 | 0.952 | 1.016 | 0.915
  259 | McNeese St.          |   1 | 0.936 | 0.944 | 1.008 | 0.982
  260 | West Va. Wesleyan    |   2 | 0.936 | 0.933 | 0.997 | 0.910
  261 | Mississippi Val.     |   1 | 0.935 | 1.017 | 1.087 | 0.960
  262 | Franklin Pierce      |   2 | 0.935 | 0.961 | 1.028 | 0.917
  263 | Northwestern St.     |   1 | 0.935 | 1.002 | 1.072 | 0.980
  264 | Presbyterian         |   1 | 0.935 | 0.919 | 0.983 | 0.983
  265 | Jacksonville         |   1 | 0.935 | 0.984 | 1.052 | 1.010
  266 | Southern Utah        |   1 | 0.934 | 0.929 | 0.995 | 0.989
  267 | Winthrop             |   1 | 0.933 | 0.903 | 0.967 | 0.990
  268 | Alas. Anchorage      |   2 | 0.930 | 0.963 | 1.036 | 0.936
  269 | Stetson              |   1 | 0.930 | 1.054 | 1.134 | 1.003
  270 | Boston College       |   1 | 0.928 | 0.925 | 0.997 | 1.034
  271 | Texas St.            |   1 | 0.928 | 1.074 | 1.157 | 0.970
  272 | Cal Poly Pomona      |   2 | 0.926 | 0.858 | 0.927 | 0.928
  273 | Appalachian St.      |   1 | 0.925 | 0.978 | 1.058 | 0.985
  274 | Bradley              |   1 | 0.924 | 0.958 | 1.038 | 1.030
  275 | Gardner-Webb         |   1 | 0.923 | 0.930 | 1.007 | 0.978
  276 | Santa Clara          |   1 | 0.923 | 1.024 | 1.109 | 1.011
  277 | Elon                 |   1 | 0.923 | 0.998 | 1.081 | 0.978
  278 | Findlay              |   2 | 0.922 | 1.004 | 1.089 | 0.927
  279 | UC Irvine            |   1 | 0.921 | 0.999 | 1.085 | 1.000
  280 | Marist               |   1 | 0.920 | 1.003 | 1.091 | 0.990
  281 | Morgan St.           |   1 | 0.919 | 0.965 | 1.051 | 0.977
  282 | Troy                 |   1 | 0.919 | 1.049 | 1.142 | 0.996
  283 | Coppin St.           |   1 | 0.918 | 1.073 | 1.169 | 0.966
  284 | Pacific              |   1 | 0.916 | 0.923 | 1.007 | 0.985
  285 | Western Caro.        |   1 | 0.916 | 0.967 | 1.056 | 0.988
  286 | Eastern Mich.        |   1 | 0.916 | 0.810 | 0.884 | 0.995
  287 | Eastern Ky.          |   1 | 0.913 | 0.935 | 1.024 | 0.975
  288 | Indianapolis         |   2 | 0.912 | 1.033 | 1.133 | 0.943
  289 | Fordham              |   1 | 0.911 | 0.939 | 1.030 | 1.019
  290 | Portland             |   1 | 0.911 | 0.989 | 1.086 | 1.021
  291 | West Tex. A&M        |   2 | 0.910 | 0.879 | 0.966 | 0.912
  292 | Arkansas Tech        |   2 | 0.910 | 1.004 | 1.103 | 0.923
  293 | Pepperdine           |   1 | 0.909 | 0.866 | 0.953 | 0.999
  294 | Maine                |   1 | 0.909 | 0.987 | 1.087 | 0.970
  295 | VMI                  |   1 | 0.909 | 1.118 | 1.229 | 0.980
  296 | North Dakota         |   1 | 0.906 | 0.955 | 1.054 | 0.973
  297 | Wayne St. (MI)       |   2 | 0.906 | 0.951 | 1.050 | 0.926
  298 | Samford              |   1 | 0.906 | 0.944 | 1.041 | 0.993
  299 | Christian Bros.      |   2 | 0.904 | 0.935 | 1.034 | 0.911
  300 | Colorado Mines       |   2 | 0.904 | 0.954 | 1.055 | 0.886
  301 | San Jose St.         |   1 | 0.904 | 0.974 | 1.077 | 0.999
  302 | Central Mich.        |   1 | 0.904 | 0.931 | 1.030 | 0.993
  303 | IPFW                 |   1 | 0.903 | 0.994 | 1.101 | 0.991
  304 | Loyola (IL)          |   1 | 0.903 | 0.859 | 0.950 | 0.993
  305 | Ala.-Huntsville      |   2 | 0.902 | 1.025 | 1.136 | 0.901
  306 | Liberty              |   1 | 0.902 | 0.974 | 1.079 | 0.981
  307 | Lincoln Memorial     |   2 | 0.901 | 0.966 | 1.072 | 0.888
  308 | Charleston (WV)      |   2 | 0.900 | 0.995 | 1.105 | 0.899
  309 | UC Riverside         |   1 | 0.899 | 0.861 | 0.958 | 0.985
  310 | UNC Greensboro       |   1 | 0.899 | 1.031 | 1.147 | 0.993
  311 | Western Wash.        |   2 | 0.898 | 1.050 | 1.169 | 0.928
  312 | South Dakota         |   1 | 0.898 | 0.998 | 1.111 | 0.990
  313 | S.C. Aiken           |   2 | 0.897 | 0.988 | 1.102 | 0.908
  314 | Sacramento St.       |   1 | 0.897 | 0.949 | 1.058 | 0.976
  315 | Hampton              |   1 | 0.897 | 0.928 | 1.035 | 0.966
  316 | UMKC                 |   1 | 0.896 | 0.935 | 1.043 | 0.995
  317 | Texas Southern       |   1 | 0.894 | 0.895 | 1.001 | 0.958
  318 | Sam Houston St.      |   1 | 0.894 | 0.831 | 0.929 | 0.990
  319 | Bethune-Cookman      |   1 | 0.893 | 0.914 | 1.024 | 0.969
  320 | Montevallo           |   2 | 0.893 | 0.937 | 1.049 | 0.912
  321 | Montana St.          |   1 | 0.891 | 0.972 | 1.090 | 0.974
  322 | Ill.-Chicago         |   1 | 0.890 | 0.936 | 1.052 | 0.999
  323 | New Hampshire        |   1 | 0.890 | 0.884 | 0.993 | 0.960
  324 | Wheeling Jesuit      |   2 | 0.890 | 1.088 | 1.222 | 0.910
  325 | Army                 |   1 | 0.888 | 0.968 | 1.090 | 0.964
  326 | Dartmouth            |   1 | 0.886 | 0.858 | 0.969 | 0.989
  327 | NJIT                 |   1 | 0.885 | 0.930 | 1.051 | 0.938
  328 | Mo. Southern St.     |   2 | 0.885 | 1.066 | 1.204 | 0.911
  329 | Central Mo.          |   2 | 0.885 | 0.983 | 1.111 | 0.907
  330 | Northwest Mo. St.    |   2 | 0.884 | 0.941 | 1.064 | 0.912
  331 | Shaw                 |   2 | 0.883 | 1.008 | 1.142 | 0.905
  332 | Humboldt St.         |   2 | 0.880 | 0.994 | 1.129 | 0.936
  333 | Drury                |   2 | 0.878 | 0.970 | 1.104 | 0.911
  334 | Cal St. L.A.         |   2 | 0.877 | 0.889 | 1.013 | 0.931
  335 | Wis.-Whitewater      |   3 | 0.875 | 0.886 | 1.013 | 0.870
  336 | Mass.-Lowell         |   2 | 0.875 | 0.976 | 1.115 | 0.926
  337 | Monmouth             |   1 | 0.874 | 0.970 | 1.110 | 0.992
  338 | William & Mary       |   1 | 0.873 | 0.906 | 1.038 | 0.999
  339 | Northwood (MI)       |   2 | 0.873 | 0.960 | 1.100 | 0.913
  340 | Southwest Minn. St.  |   2 | 0.873 | 1.004 | 1.150 | 0.923
  341 | Cal St. San Bdino    |   2 | 0.872 | 0.926 | 1.061 | 0.932
  342 | Indiana (PA)         |   2 | 0.872 | 0.877 | 1.005 | 0.901
  343 | Augustana (SD)       |   2 | 0.871 | 0.974 | 1.118 | 0.908
  344 | Mt. St. Marys        |   1 | 0.870 | 0.876 | 1.007 | 0.982
  345 | Sonoma St.           |   2 | 0.870 | 0.979 | 1.125 | 0.929
  346 | Grand Canyon         |   2 | 0.869 | 0.945 | 1.087 | 0.905
  347 | N.C. A&T             |   1 | 0.869 | 0.964 | 1.109 | 0.974
  348 | Bemidji St.          |   2 | 0.869 | 0.962 | 1.107 | 0.906
  349 | Dist. Columbia       |   2 | 0.868 | 1.036 | 1.193 | 0.890
  350 | Mont. St. Billings   |   2 | 0.868 | 1.067 | 1.229 | 0.924
  351 | C.W. Post            |   2 | 0.865 | 1.078 | 1.246 | 0.884
  352 | MIT                  |   3 | 0.865 | 0.899 | 1.040 | 0.842
  353 | Cal St. Stanislaus   |   2 | 0.865 | 1.000 | 1.157 | 0.930
  354 | Eastern Ill.         |   1 | 0.864 | 0.915 | 1.059 | 0.960
  355 | Idaho St.            |   1 | 0.864 | 0.951 | 1.100 | 0.986
  356 | Adelphi              |   2 | 0.863 | 0.862 | 0.999 | 0.921
  357 | Metro St.            |   2 | 0.862 | 0.922 | 1.070 | 0.891
  358 | Cal St. Northridge   |   1 | 0.861 | 0.977 | 1.135 | 0.991
  359 | Wheaton (IL)         |   3 | 0.860 | 0.909 | 1.058 | 0.864
  360 | Merrimack            |   2 | 0.859 | 0.931 | 1.084 | 0.925
  361 | Alderson-Broaddus    |   2 | 0.859 | 0.919 | 1.070 | 0.910
  362 | Cal St. Dom. Hills   |   2 | 0.858 | 0.843 | 0.983 | 0.934
  363 | Utah                 |   1 | 0.857 | 0.855 | 0.997 | 1.035
  364 | Central Okla.        |   2 | 0.857 | 0.973 | 1.134 | 0.923
  365 | A&M-Corpus Christi   |   1 | 0.856 | 0.880 | 1.027 | 0.992
  366 | Brown                |   1 | 0.854 | 0.909 | 1.064 | 0.988
  367 | Michigan Tech        |   2 | 0.854 | 0.925 | 1.083 | 0.918
  368 | Ark.-Monticello      |   2 | 0.854 | 1.003 | 1.175 | 0.904
  369 | Incarnate Word       |   2 | 0.854 | 0.945 | 1.105 | 0.926
  370 | Augusta St.          |   2 | 0.853 | 0.873 | 1.024 | 0.912
  371 | Quincy               |   2 | 0.853 | 0.902 | 1.057 | 0.909
  372 | Cameron              |   2 | 0.853 | 0.909 | 1.066 | 0.928
  373 | Gannon               |   2 | 0.852 | 0.972 | 1.141 | 0.897
  374 | St. Cloud St.        |   2 | 0.852 | 0.965 | 1.132 | 0.912
  375 | Kutztown             |   2 | 0.852 | 1.038 | 1.218 | 0.890
  376 | Eckerd               |   2 | 0.851 | 0.941 | 1.106 | 0.899
  377 | Bowie St.            |   2 | 0.850 | 1.015 | 1.194 | 0.897
  378 | St. Marys (TX)       |   2 | 0.850 | 0.934 | 1.098 | 0.905
  379 | St. Francis (PA)     |   1 | 0.850 | 0.885 | 1.041 | 0.988
  380 | Middlebury           |   3 | 0.849 | 0.930 | 1.096 | 0.840
  381 | Dixie St.            |   2 | 0.849 | 0.950 | 1.118 | 0.902
  382 | Western Ore.         |   2 | 0.847 | 0.889 | 1.050 | 0.927
  383 | Southeastern La.     |   1 | 0.847 | 0.825 | 0.974 | 0.971
  384 | SIU Edwardsville     |   1 | 0.846 | 0.943 | 1.114 | 0.976
  385 | St. Leo              |   2 | 0.846 | 0.825 | 0.976 | 0.900
  386 | Tex.-Pan American    |   1 | 0.845 | 0.878 | 1.039 | 0.974
  387 | Radford              |   1 | 0.845 | 0.867 | 1.026 | 0.986
  388 | Bloomfield           |   2 | 0.845 | 0.962 | 1.138 | 0.901
  389 | Wingate              |   2 | 0.844 | 0.889 | 1.053 | 0.897
  390 | Va. Wesleyan         |   3 | 0.844 | 0.958 | 1.135 | 0.852
  391 | Mount Olive          |   2 | 0.843 | 0.990 | 1.174 | 0.893
  392 | Mo.-St. Louis        |   2 | 0.842 | 0.936 | 1.111 | 0.910
  393 | West Ga.             |   2 | 0.841 | 0.896 | 1.066 | 0.893
  394 | St. Anselm           |   2 | 0.841 | 0.927 | 1.102 | 0.925
  395 | Columbus St.         |   2 | 0.841 | 0.917 | 1.091 | 0.915
  396 | Georgia College      |   2 | 0.841 | 0.844 | 1.003 | 0.914
  397 | East Stroudsburg     |   2 | 0.841 | 0.987 | 1.174 | 0.902
  398 | Elizabeth City St.   |   2 | 0.840 | 0.912 | 1.085 | 0.909
  399 | Hartford             |   1 | 0.840 | 0.872 | 1.039 | 0.975
  400 | Colgate              |   1 | 0.839 | 0.948 | 1.129 | 0.987
  401 | St. Peters           |   1 | 0.839 | 0.850 | 1.013 | 0.996
  402 | Whitworth            |   3 | 0.838 | 0.958 | 1.143 | 0.857
  403 | Canisius             |   1 | 0.838 | 0.941 | 1.123 | 0.983
  404 | Amherst              |   3 | 0.838 | 0.985 | 1.175 | 0.855
  405 | Howard               |   1 | 0.837 | 0.880 | 1.051 | 0.984
  406 | California (PA)      |   2 | 0.837 | 0.896 | 1.070 | 0.900
  407 | Pace                 |   2 | 0.836 | 0.868 | 1.039 | 0.911
  408 | King (TN)            |   2 | 0.836 | 0.960 | 1.148 | 0.891
  409 | Anderson (SC)        |   2 | 0.835 | 0.954 | 1.142 | 0.891
  410 | UNC Pembroke         |   2 | 0.835 | 0.963 | 1.153 | 0.912
  411 | New Haven            |   2 | 0.835 | 0.860 | 1.029 | 0.909
  412 | Citadel              |   1 | 0.835 | 0.899 | 1.077 | 0.989
  413 | Philadelphia U.      |   2 | 0.835 | 0.894 | 1.071 | 0.897
  414 | Barton               |   2 | 0.834 | 1.014 | 1.216 | 0.893
  415 | Mercyhurst           |   2 | 0.834 | 0.932 | 1.117 | 0.900
  416 | Clayton St.          |   2 | 0.833 | 0.921 | 1.106 | 0.917
  417 | Wis.-River Falls     |   3 | 0.833 | 0.937 | 1.124 | 0.869
  418 | Bentley              |   2 | 0.833 | 0.941 | 1.130 | 0.923
  419 | Houston Baptist      |   1 | 0.833 | 0.996 | 1.197 | 0.975
  420 | West Fla.            |   2 | 0.832 | 0.982 | 1.179 | 0.905
  421 | Fort Hays St.        |   2 | 0.831 | 0.880 | 1.059 | 0.915
  422 | La.-Monroe           |   1 | 0.831 | 0.893 | 1.074 | 0.996
  423 | Augustana (IL)       |   3 | 0.831 | 0.857 | 1.032 | 0.850
  424 | Slippery Rock        |   2 | 0.831 | 0.883 | 1.063 | 0.893
  425 | Ferris St.           |   2 | 0.830 | 0.881 | 1.061 | 0.913
  426 | Tex. A&M Intl        |   2 | 0.829 | 0.887 | 1.070 | 0.903
  427 | Southwestern Okla.   |   2 | 0.828 | 0.941 | 1.135 | 0.909
  428 | Newman               |   2 | 0.828 | 0.919 | 1.109 | 0.897
  429 | Kennesaw St.         |   1 | 0.828 | 0.911 | 1.100 | 1.007
  430 | Grand Valley St.     |   2 | 0.827 | 0.838 | 1.014 | 0.920
  431 | Fla. Southern        |   2 | 0.827 | 1.052 | 1.271 | 0.898
  432 | Navy                 |   1 | 0.827 | 0.834 | 1.009 | 0.980
  433 | West Chester         |   2 | 0.827 | 0.963 | 1.165 | 0.898
  434 | Central St. (OH)     |   2 | 0.827 | 0.936 | 1.132 | 0.885
  435 | Alabama St.          |   1 | 0.825 | 0.854 | 1.035 | 0.948
  436 | Southwest Baptist    |   2 | 0.824 | 0.983 | 1.193 | 0.911
  437 | UC Davis             |   1 | 0.824 | 0.919 | 1.115 | 0.986
  438 | Florida Tech         |   2 | 0.824 | 0.975 | 1.182 | 0.894
  439 | Eastern Conn. St.    |   3 | 0.823 | 0.862 | 1.048 | 0.844
  440 | Concord              |   2 | 0.823 | 1.003 | 1.220 | 0.901
  441 | Southern Conn. St.   |   2 | 0.822 | 0.998 | 1.214 | 0.918
  442 | Rhode Island Col.    |   3 | 0.821 | 0.861 | 1.049 | 0.858
  443 | Queens (NC)          |   2 | 0.821 | 0.922 | 1.124 | 0.894
  444 | Prairie View         |   1 | 0.820 | 0.867 | 1.056 | 0.946
  445 | Mesa St.             |   2 | 0.819 | 0.864 | 1.055 | 0.895
  446 | Md.-East. Shore      |   1 | 0.819 | 0.887 | 1.083 | 0.978
  447 | Lander               |   2 | 0.819 | 0.984 | 1.202 | 0.909
  448 | UC San Diego         |   2 | 0.817 | 0.868 | 1.063 | 0.927
  449 | Central Wash.        |   2 | 0.817 | 1.050 | 1.285 | 0.928
  450 | Hope                 |   3 | 0.817 | 0.965 | 1.181 | 0.844
  451 | Pittsburg St.        |   2 | 0.817 | 0.937 | 1.147 | 0.918
  452 | Southern U.          |   1 | 0.817 | 0.855 | 1.046 | 0.936
  453 | Minn. St. Moorhead   |   2 | 0.817 | 0.937 | 1.147 | 0.913
  454 | Florida A&M          |   1 | 0.816 | 0.951 | 1.167 | 0.972
  455 | Johnson C. Smith     |   2 | 0.816 | 0.982 | 1.204 | 0.912
  456 | Bloomsburg           |   2 | 0.816 | 0.912 | 1.118 | 0.897
  457 | Central Ark.         |   1 | 0.816 | 1.003 | 1.229 | 0.977
  458 | Dallas Baptist       |   2 | 0.816 | 0.969 | 1.188 | 0.891
  459 | Adams St.            |   2 | 0.816 | 0.968 | 1.186 | 0.886
  460 | Hampden-Sydney       |   3 | 0.814 | 0.990 | 1.216 | 0.844
  461 | BYU-Hawaii           |   2 | 0.814 | 0.950 | 1.167 | 0.915
  462 | North Central (IL)   |   3 | 0.814 | 0.879 | 1.080 | 0.861
  463 | Cal St. East Bay     |   2 | 0.812 | 1.009 | 1.243 | 0.926
  464 | Neb.-Omaha           |   1 | 0.812 | 1.007 | 1.240 | 0.977
  465 | Coker                |   2 | 0.811 | 0.873 | 1.076 | 0.899
  466 | Assumption           |   2 | 0.810 | 0.910 | 1.124 | 0.918
  467 | Northern St.         |   2 | 0.810 | 0.930 | 1.148 | 0.900
  468 | Nicholls St.         |   1 | 0.810 | 0.945 | 1.167 | 0.985
  469 | Ill. Wesleyan        |   3 | 0.810 | 0.947 | 1.170 | 0.866
  470 | Le Moyne             |   2 | 0.810 | 0.919 | 1.135 | 0.914
  471 | Wis.-Stevens Point   |   3 | 0.810 | 0.925 | 1.142 | 0.876
  472 | Fairleigh Dickinson  |   1 | 0.810 | 0.881 | 1.088 | 0.983
  473 | Harding              |   2 | 0.809 | 0.930 | 1.150 | 0.917
  474 | Dominican (NY)       |   2 | 0.809 | 0.899 | 1.111 | 0.882
  475 | Tex. A&M-Kingsville  |   2 | 0.807 | 0.933 | 1.156 | 0.921
  476 | Southern N.H.        |   2 | 0.806 | 0.894 | 1.109 | 0.918
  477 | Abilene Christian    |   2 | 0.805 | 0.938 | 1.165 | 0.922
  478 | Bryant               |   1 | 0.804 | 0.914 | 1.137 | 0.987
  479 | Winston-Salem        |   2 | 0.803 | 0.861 | 1.072 | 0.907
  480 | Eastern N.M.         |   2 | 0.803 | 0.946 | 1.179 | 0.921
  481 | Ark.-Pine Bluff      |   1 | 0.802 | 0.893 | 1.114 | 0.958
  482 | Lynn                 |   2 | 0.802 | 0.891 | 1.112 | 0.891
  483 | Henderson St.        |   2 | 0.802 | 0.999 | 1.246 | 0.900
  484 | Pitt.-Johnstown      |   2 | 0.801 | 0.985 | 1.230 | 0.909
  485 | UT Martin            |   1 | 0.800 | 0.908 | 1.134 | 0.989
  486 | Bridgeport           |   2 | 0.800 | 0.959 | 1.198 | 0.889
  487 | Minn. Duluth         |   2 | 0.799 | 1.048 | 1.313 | 0.911
  488 | Wooster              |   3 | 0.799 | 0.908 | 1.136 | 0.850
  489 | Fort Lewis           |   2 | 0.799 | 0.889 | 1.113 | 0.892
  490 | Ga. Southwestern     |   2 | 0.799 | 0.850 | 1.065 | 0.911
  491 | Northern Ariz.       |   1 | 0.798 | 0.868 | 1.088 | 0.988
  492 | Wis.-Parkside        |   2 | 0.797 | 0.950 | 1.192 | 0.953
  493 | Jackson St.          |   1 | 0.797 | 0.824 | 1.035 | 0.966
  494 | Nova Southeastern    |   2 | 0.795 | 0.897 | 1.128 | 0.900
  495 | Ashland              |   2 | 0.795 | 0.931 | 1.172 | 0.917
  496 | Ill.-Springfield     |   2 | 0.795 | 0.949 | 1.194 | 0.920
  497 | Virginia Union       |   2 | 0.795 | 0.973 | 1.223 | 0.908
  498 | St. Rose             |   2 | 0.794 | 0.887 | 1.117 | 0.919
  499 | St. Michaels         |   2 | 0.794 | 0.891 | 1.122 | 0.923
  500 | Francis Marion       |   2 | 0.792 | 1.002 | 1.266 | 0.910
  501 | St. Josephs (IN)     |   2 | 0.792 | 0.988 | 1.248 | 0.952
  502 | Goldey-Beacom        |   2 | 0.790 | 0.911 | 1.154 | 0.890
  503 | Keene St.            |   3 | 0.789 | 0.993 | 1.260 | 0.855
  504 | San Fran. St.        |   2 | 0.789 | 0.926 | 1.173 | 0.935
  505 | North Ga.            |   2 | 0.789 | 0.933 | 1.182 | 0.911
  506 | Chaminade            |   2 | 0.789 | 0.960 | 1.217 | 0.920
  507 | North Ala.           |   2 | 0.789 | 0.946 | 1.200 | 0.896
  508 | Claremont-M-S        |   3 | 0.788 | 0.852 | 1.081 | 0.833
  509 | WPI                  |   3 | 0.788 | 0.895 | 1.136 | 0.852
  510 | Mary Hardin-Baylor   |   3 | 0.787 | 0.904 | 1.148 | 0.833
  511 | Seton Hill           |   2 | 0.786 | 0.960 | 1.221 | 0.911
  512 | Northern Ill.        |   1 | 0.785 | 0.816 | 1.038 | 0.993
  513 | Alabama A&M          |   1 | 0.785 | 0.889 | 1.133 | 0.945
  514 | Chicago St.          |   1 | 0.785 | 0.910 | 1.159 | 0.990
  515 | Shepherd             |   2 | 0.785 | 0.921 | 1.173 | 0.912
  516 | Whitman              |   3 | 0.784 | 0.905 | 1.154 | 0.859
  517 | Longwood             |   1 | 0.784 | 1.005 | 1.282 | 0.971
  518 | Chestnut Hill        |   2 | 0.784 | 0.929 | 1.185 | 0.893
  519 | Tiffin               |   2 | 0.783 | 0.956 | 1.220 | 0.919
  520 | UMBC                 |   1 | 0.782 | 0.922 | 1.179 | 0.973
  521 | Northwest Nazarene   |   2 | 0.782 | 0.951 | 1.216 | 0.918
  522 | New York U.          |   3 | 0.781 | 0.877 | 1.124 | 0.844
  523 | Frank. & Marsh.      |   3 | 0.781 | 0.830 | 1.062 | 0.827
  524 | Williams             |   3 | 0.781 | 0.905 | 1.159 | 0.851
  525 | Hobart               |   3 | 0.780 | 0.863 | 1.105 | 0.836
  526 | Ark.-Fort Smith      |   2 | 0.779 | 0.918 | 1.178 | 0.909
  527 | Southeastern Okla.   |   2 | 0.779 | 0.860 | 1.104 | 0.908
  528 | Wis.-La Crosse       |   3 | 0.779 | 0.838 | 1.077 | 0.867
  529 | Southern Ark.        |   2 | 0.779 | 0.888 | 1.139 | 0.902
  530 | Ouachita Baptist     |   2 | 0.777 | 0.901 | 1.160 | 0.903
  531 | Wayne St. (NE)       |   2 | 0.776 | 0.760 | 0.979 | 0.908
  532 | Holy Family          |   2 | 0.776 | 0.903 | 1.164 | 0.894
  533 | Belmont Abbey        |   2 | 0.776 | 1.032 | 1.329 | 0.890
  534 | Neb.-Kearney         |   2 | 0.776 | 0.934 | 1.203 | 0.888
  535 | St. Martins          |   2 | 0.776 | 0.865 | 1.116 | 0.922
  536 | Tex. A&M-Commerce    |   2 | 0.775 | 0.950 | 1.226 | 0.930
  537 | Livingstone          |   2 | 0.774 | 0.894 | 1.156 | 0.899
  538 | Alcorn St.           |   1 | 0.773 | 0.853 | 1.104 | 0.937
  539 | Texas Wesleyan       |   3 | 0.773 | 0.960 | 1.241 | 0.946
  540 | Rollins              |   2 | 0.773 | 0.877 | 1.135 | 0.900
  541 | Edinboro             |   2 | 0.772 | 0.957 | 1.240 | 0.898
  542 | Fayetteville St.     |   2 | 0.772 | 0.934 | 1.209 | 0.906
  543 | Washington-St. Louis |   3 | 0.772 | 0.927 | 1.201 | 0.865
  544 | St. Thomas (MN)      |   3 | 0.772 | 0.928 | 1.202 | 0.850
  545 | Pacific Lutheran     |   3 | 0.771 | 0.867 | 1.125 | 0.870
  546 | St. Edwards          |   2 | 0.770 | 0.985 | 1.279 | 0.897
  547 | Angelo St.           |   2 | 0.770 | 0.873 | 1.134 | 0.923
  548 | Washington Adventist |   2 | 0.769 | 0.977 | 1.271 | 0.905
  549 | Newberry             |   2 | 0.769 | 1.063 | 1.383 | 0.889
  550 | St. Augustines       |   2 | 0.769 | 0.830 | 1.079 | 0.905
  551 | South Carolina St.   |   1 | 0.769 | 0.925 | 1.203 | 0.970
  552 | Towson               |   1 | 0.769 | 0.782 | 1.017 | 1.020
  553 | Staten Island        |   3 | 0.767 | 0.906 | 1.182 | 0.833
  554 | Albertus Magnus      |   3 | 0.766 | 0.992 | 1.296 | 0.809
  555 | Lake Forest          |   3 | 0.766 | 0.813 | 1.061 | 0.845
  556 | Lake Superior St.    |   2 | 0.766 | 0.907 | 1.183 | 0.904
  557 | Emory                |   3 | 0.766 | 0.979 | 1.277 | 0.844
  558 | Tex. Permian Basin   |   2 | 0.765 | 0.795 | 1.039 | 0.900
  559 | Upper Iowa           |   2 | 0.765 | 0.893 | 1.167 | 0.913
  560 | Becker               |   3 | 0.765 | 0.833 | 1.088 | 0.804
  561 | Armstrong Atlantic   |   2 | 0.764 | 1.003 | 1.313 | 0.911
  562 | Colorado St.-Pueblo  |   2 | 0.764 | 0.888 | 1.161 | 0.887
  563 | Texas-Dallas         |   3 | 0.763 | 0.841 | 1.101 | 0.828
  564 | Wabash               |   3 | 0.763 | 0.815 | 1.068 | 0.848
  565 | Oswego St.           |   3 | 0.763 | 0.864 | 1.131 | 0.828
  566 | Gust. Adolphus       |   3 | 0.762 | 0.846 | 1.109 | 0.846
  567 | West Virginia St.    |   2 | 0.761 | 0.863 | 1.134 | 0.901
  568 | Fairmont St.         |   2 | 0.760 | 0.939 | 1.236 | 0.913
  569 | Caldwell             |   2 | 0.760 | 0.937 | 1.232 | 0.877
  570 | Ohio Wesleyan        |   3 | 0.760 | 0.920 | 1.210 | 0.855
  571 | Mary                 |   2 | 0.759 | 0.876 | 1.154 | 0.915
  572 | Limestone            |   2 | 0.758 | 0.898 | 1.184 | 0.890
  573 | Wilmington (DE)      |   2 | 0.758 | 0.879 | 1.160 | 0.895
  574 | Concordia-St. Paul   |   2 | 0.758 | 0.972 | 1.282 | 0.914
  575 | Rochester (NY)       |   3 | 0.757 | 0.918 | 1.213 | 0.853
  576 | Bowdoin              |   3 | 0.757 | 0.914 | 1.208 | 0.830
  577 | Northeastern St.     |   2 | 0.756 | 0.775 | 1.025 | 0.920
  578 | Rose-Hulman          |   3 | 0.755 | 0.788 | 1.044 | 0.828
  579 | Davis & Elkins       |   2 | 0.754 | 0.972 | 1.289 | 0.916
  580 | Randolph-Macon       |   3 | 0.754 | 0.882 | 1.171 | 0.857
  581 | Messiah              |   3 | 0.754 | 0.802 | 1.064 | 0.846
  582 | Binghamton           |   1 | 0.752 | 0.826 | 1.099 | 0.974
  583 | Mo. Western St.      |   2 | 0.751 | 0.852 | 1.134 | 0.910
  584 | Notre Dame de Namur  |   2 | 0.751 | 0.833 | 1.110 | 0.902
  585 | Western Conn. St.    |   3 | 0.750 | 1.000 | 1.333 | 0.853
  586 | Transylvania         |   3 | 0.750 | 0.872 | 1.163 | 0.834
  587 | Hawaii Pacific       |   2 | 0.750 | 0.842 | 1.122 | 0.897
  588 | Clarion              |   2 | 0.750 | 0.932 | 1.243 | 0.897
  589 | Chris. Newport       |   3 | 0.750 | 0.949 | 1.266 | 0.829
  590 | Chowan               |   2 | 0.749 | 0.863 | 1.153 | 0.911
  591 | Saginaw Valley       |   2 | 0.748 | 0.879 | 1.176 | 0.924
  592 | Wesleyan (CT)        |   3 | 0.747 | 0.845 | 1.132 | 0.852
  593 | Concordia (NY)       |   2 | 0.746 | 0.977 | 1.310 | 0.893
  594 | Carson-Newman        |   2 | 0.746 | 0.910 | 1.219 | 0.889
  595 | Shippensburg         |   2 | 0.746 | 0.894 | 1.199 | 0.904
  596 | John Carroll         |   3 | 0.745 | 0.980 | 1.316 | 0.840
  597 | Minn. St. Mankato    |   2 | 0.745 | 0.891 | 1.195 | 0.916
  598 | Springfield          |   3 | 0.744 | 0.874 | 1.176 | 0.852
  599 | Benedict             |   2 | 0.744 | 0.828 | 1.112 | 0.867
  600 | Chadron St.          |   2 | 0.744 | 0.888 | 1.193 | 0.888
  601 | Lewis & Clark        |   3 | 0.744 | 0.896 | 1.205 | 0.868
  602 | Dominican (CA)       |   2 | 0.743 | 0.842 | 1.132 | 0.908
  603 | Mary Washington      |   3 | 0.743 | 0.860 | 1.157 | 0.840
  604 | Maryville (MO)       |   2 | 0.743 | 0.807 | 1.085 | 0.894
  605 | Albright             |   3 | 0.742 | 0.870 | 1.172 | 0.853
  606 | Puget Sound          |   3 | 0.742 | 0.888 | 1.196 | 0.861
  607 | Western N.M.         |   2 | 0.742 | 0.911 | 1.228 | 0.891
  608 | Pfeiffer             |   2 | 0.741 | 0.954 | 1.287 | 0.891
  609 | Cabrini              |   3 | 0.740 | 0.960 | 1.296 | 0.828
  610 | N.M. Highlands       |   2 | 0.740 | 1.003 | 1.355 | 0.888
  611 | Lenoir-Rhyne         |   2 | 0.739 | 0.828 | 1.120 | 0.890
  612 | LeMoyne-Owen         |   2 | 0.739 | 0.862 | 1.167 | 0.863
  613 | Emporia St.          |   2 | 0.739 | 0.816 | 1.105 | 0.925
  614 | Carthage             |   3 | 0.739 | 0.884 | 1.196 | 0.849
  615 | Wm. Paterson         |   3 | 0.739 | 0.888 | 1.201 | 0.835
  616 | Lake Erie            |   2 | 0.738 | 0.832 | 1.127 | 0.925
  617 | Tusculum             |   2 | 0.738 | 0.818 | 1.108 | 0.890
  618 | Paine                |   2 | 0.738 | 0.903 | 1.223 | 0.861
  619 | Hardin-Simmons       |   3 | 0.738 | 0.955 | 1.295 | 0.841
  620 | Wittenberg           |   3 | 0.737 | 0.806 | 1.094 | 0.852
  621 | Alas. Fairbanks      |   2 | 0.736 | 0.887 | 1.205 | 0.927
  622 | Post                 |   2 | 0.735 | 0.856 | 1.165 | 0.892
  623 | Valdosta St.         |   2 | 0.735 | 0.932 | 1.268 | 0.906
  624 | Stillman             |   2 | 0.734 | 0.937 | 1.277 | 0.859
  625 | Birmingham-So.       |   3 | 0.734 | 0.904 | 1.231 | 0.805
  626 | Glenville St.        |   2 | 0.734 | 0.851 | 1.159 | 0.913
  627 | Western St.          |   2 | 0.733 | 0.842 | 1.149 | 0.897
  628 | American Intl        |   2 | 0.733 | 0.807 | 1.102 | 0.918
  629 | Baldwin-Wallace      |   3 | 0.733 | 0.869 | 1.185 | 0.837
  630 | Marietta             |   3 | 0.733 | 0.884 | 1.207 | 0.854
  631 | Grinnell             |   3 | 0.732 | 1.251 | 1.710 | 0.829
  632 | Hanover              |   3 | 0.732 | 0.821 | 1.121 | 0.835
  633 | St. Marys (MD)       |   3 | 0.731 | 0.873 | 1.194 | 0.849
  634 | Ramapo               |   3 | 0.731 | 0.940 | 1.286 | 0.835
  635 | Millersville         |   2 | 0.730 | 0.915 | 1.254 | 0.896
  636 | Barry                |   2 | 0.730 | 0.818 | 1.120 | 0.896
  637 | Truman               |   2 | 0.730 | 0.865 | 1.185 | 0.914
  638 | Skidmore             |   3 | 0.730 | 0.841 | 1.152 | 0.834
  639 | Guilford             |   3 | 0.729 | 0.813 | 1.114 | 0.857
  640 | Randolph             |   3 | 0.729 | 0.759 | 1.040 | 0.859
  641 | Lakeland             |   3 | 0.728 | 1.003 | 1.378 | 0.814
  642 | New Orleans          |   2 | 0.728 | 0.829 | 1.138 | 0.956
  643 | Stevens Institute    |   3 | 0.728 | 0.917 | 1.259 | 0.827
  644 | West Ala.            |   2 | 0.727 | 0.821 | 1.129 | 0.925
  645 | Lincoln (PA)         |   2 | 0.727 | 0.844 | 1.161 | 0.900
  646 | Widener              |   3 | 0.726 | 0.942 | 1.297 | 0.848
  647 | McMurry              |   3 | 0.725 | 0.988 | 1.363 | 0.848
  648 | North Greenville     |   2 | 0.724 | 0.934 | 1.291 | 0.890
  649 | Wis.-Eau Claire      |   3 | 0.723 | 0.832 | 1.151 | 0.861
  650 | Hawaii Hilo          |   2 | 0.723 | 0.885 | 1.224 | 0.898
  651 | Mansfield            |   2 | 0.723 | 0.900 | 1.245 | 0.900
  652 | Wis.-Platteville     |   3 | 0.723 | 0.835 | 1.154 | 0.864
  653 | Whittier             |   3 | 0.722 | 0.955 | 1.322 | 0.837
  654 | St. Olaf             |   3 | 0.722 | 0.893 | 1.237 | 0.841
  655 | Dowling              |   2 | 0.722 | 0.794 | 1.099 | 0.884
  656 | Mass.-Dartmouth      |   3 | 0.721 | 0.866 | 1.200 | 0.854
  657 | Concordia (WI)       |   3 | 0.720 | 0.898 | 1.248 | 0.821
  658 | Misericordia         |   3 | 0.720 | 0.843 | 1.171 | 0.826
  659 | Catholic             |   3 | 0.720 | 0.879 | 1.221 | 0.825
  660 | Lycoming             |   3 | 0.720 | 0.922 | 1.281 | 0.844
  661 | Neb. Wesleyan        |   3 | 0.720 | 0.812 | 1.128 | 0.810
  662 | Clark Atlanta        |   2 | 0.719 | 0.845 | 1.175 | 0.869
  663 | Tuskegee             |   2 | 0.719 | 0.904 | 1.257 | 0.864
  664 | Catawba              |   2 | 0.719 | 0.897 | 1.247 | 0.893
  665 | Cal St. Monterey Bay |   2 | 0.719 | 0.893 | 1.242 | 0.937
  666 | Chapman              |   3 | 0.719 | 0.788 | 1.095 | 0.849
  667 | Scranton             |   3 | 0.719 | 0.851 | 1.184 | 0.840
  668 | Richard Stockton     |   3 | 0.717 | 0.874 | 1.220 | 0.841
  669 | Montclair St.        |   3 | 0.717 | 0.886 | 1.236 | 0.831
  670 | Redlands             |   3 | 0.717 | 0.905 | 1.261 | 0.857
  671 | Carroll (WI)         |   3 | 0.717 | 0.889 | 1.240 | 0.845
  672 | Adrian               |   3 | 0.716 | 0.765 | 1.068 | 0.831
  673 | Northern Mich.       |   2 | 0.716 | 0.844 | 1.179 | 0.916
  674 | Nazareth             |   3 | 0.716 | 0.866 | 1.208 | 0.835
  675 | Virginia St.         |   2 | 0.715 | 0.791 | 1.107 | 0.905
  676 | Luther               |   3 | 0.715 | 0.795 | 1.111 | 0.832
  677 | Molloy               |   2 | 0.714 | 0.860 | 1.204 | 0.888
  678 | NYIT                 |   2 | 0.714 | 0.896 | 1.254 | 0.878
  679 | Hartwick             |   3 | 0.714 | 0.850 | 1.191 | 0.820
  680 | St. Norbert          |   3 | 0.714 | 0.818 | 1.146 | 0.843
  681 | Tufts                |   3 | 0.713 | 0.898 | 1.260 | 0.837
  682 | Erskine              |   2 | 0.713 | 0.829 | 1.163 | 0.901
  683 | Juniata              |   3 | 0.713 | 0.838 | 1.175 | 0.829
  684 | York (PA)            |   3 | 0.713 | 0.842 | 1.182 | 0.844
  685 | Buena Vista          |   3 | 0.712 | 0.871 | 1.223 | 0.844
  686 | Pomona-Pitzer        |   3 | 0.711 | 0.776 | 1.091 | 0.849
  687 | Chicago              |   3 | 0.711 | 0.925 | 1.302 | 0.856
  688 | Buffalo St.          |   3 | 0.710 | 1.021 | 1.438 | 0.832
  689 | Keystone             |   3 | 0.710 | 1.012 | 1.425 | 0.809
  690 | SUNY Cortland        |   3 | 0.710 | 0.836 | 1.177 | 0.825
  691 | Clark (MA)           |   3 | 0.709 | 0.789 | 1.114 | 0.854
  692 | Capital              |   3 | 0.709 | 0.846 | 1.194 | 0.849
  693 | Brockport            |   3 | 0.708 | 0.916 | 1.294 | 0.837
  694 | Denison              |   3 | 0.707 | 0.853 | 1.207 | 0.843
  695 | Salem St.            |   3 | 0.707 | 0.941 | 1.330 | 0.833
  696 | East Central         |   2 | 0.707 | 0.863 | 1.220 | 0.913
  697 | New Jersey City      |   3 | 0.706 | 0.819 | 1.160 | 0.845
  698 | St. Thomas Aquinas   |   2 | 0.706 | 0.803 | 1.137 | 0.881
  699 | Central (IA)         |   3 | 0.705 | 0.824 | 1.169 | 0.825
  700 | Lynchburg            |   3 | 0.705 | 0.951 | 1.349 | 0.863
  701 | UC-Colo. Springs     |   2 | 0.703 | 0.911 | 1.297 | 0.889
  702 | Edgewood             |   3 | 0.703 | 0.862 | 1.226 | 0.835
  703 | Albany St. (GA)      |   2 | 0.703 | 0.848 | 1.207 | 0.861
  704 | Hamline              |   3 | 0.703 | 0.936 | 1.331 | 0.838
  705 | Wilmington (OH)      |   3 | 0.701 | 0.850 | 1.213 | 0.852
  706 | Mt. St. Mary (NY)    |   3 | 0.701 | 0.875 | 1.250 | 0.802
  707 | Ripon                |   3 | 0.700 | 0.919 | 1.312 | 0.841
  708 | Brooklyn             |   3 | 0.699 | 0.882 | 1.263 | 0.825
  709 | Hood                 |   3 | 0.699 | 0.808 | 1.155 | 0.841
  710 | St. Josephs (ME)     |   3 | 0.698 | 0.777 | 1.114 | 0.806
  711 | Kentucky St.         |   2 | 0.698 | 0.838 | 1.200 | 0.864
  712 | Salem Intl           |   2 | 0.698 | 0.981 | 1.406 | 0.921
  713 | USP                  |   2 | 0.697 | 0.815 | 1.169 | 0.894
  714 | DePauw               |   3 | 0.697 | 0.800 | 1.148 | 0.850
  715 | P.R.-Rio Piedras     |   2 | 0.697 | 0.843 | 1.210 | 0.884
  716 | Claflin              |   2 | 0.697 | 0.797 | 1.144 | 0.860
  717 | Wis.-Superior        |   3 | 0.696 | 0.814 | 1.170 | 0.860
  718 | Rutgers-Newark       |   3 | 0.694 | 0.845 | 1.218 | 0.835
  719 | Rockhurst            |   2 | 0.693 | 0.810 | 1.169 | 0.925
  720 | Queens (NY)          |   2 | 0.693 | 0.798 | 1.152 | 0.894
  721 | Ohio Northern        |   3 | 0.693 | 0.825 | 1.190 | 0.851
  722 | Minn.-Crookston      |   2 | 0.693 | 0.783 | 1.130 | 0.903
  723 | Farmingdale St.      |   3 | 0.692 | 0.868 | 1.254 | 0.804
  724 | Medaille             |   3 | 0.692 | 0.848 | 1.225 | 0.785
  725 | Palm Beach Atl.      |   2 | 0.692 | 0.839 | 1.213 | 0.911
  726 | Dubuque              |   3 | 0.692 | 0.833 | 1.203 | 0.832
  727 | Centre               |   3 | 0.691 | 0.820 | 1.186 | 0.820
  728 | Westfield St.        |   3 | 0.690 | 0.823 | 1.193 | 0.813
  729 | Miles                |   2 | 0.690 | 0.853 | 1.235 | 0.868
  730 | Coe                  |   3 | 0.690 | 0.816 | 1.182 | 0.835
  731 | St. Vincent          |   3 | 0.689 | 0.821 | 1.191 | 0.796
  732 | Wesley               |   3 | 0.688 | 0.886 | 1.288 | 0.850
  733 | Ithaca               |   3 | 0.688 | 0.905 | 1.316 | 0.839
  734 | Brandeis             |   3 | 0.687 | 0.835 | 1.216 | 0.862
  735 | Lees-McRae           |   2 | 0.687 | 0.821 | 1.194 | 0.896
  736 | Trinity (CT)         |   3 | 0.687 | 0.757 | 1.102 | 0.844
  737 | Fort Valley St.      |   2 | 0.687 | 0.874 | 1.272 | 0.867
  738 | Hiram                |   3 | 0.686 | 0.907 | 1.322 | 0.844
  739 | Elmhurst             |   3 | 0.683 | 0.831 | 1.217 | 0.851
  740 | Trine                |   3 | 0.683 | 0.798 | 1.169 | 0.829
  741 | Bates                |   3 | 0.682 | 0.818 | 1.199 | 0.843
  742 | Dickinson            |   3 | 0.681 | 0.805 | 1.181 | 0.825
  743 | Wilkes               |   3 | 0.681 | 0.851 | 1.250 | 0.829
  744 | Fisk                 |   3 | 0.681 | 0.841 | 1.235 | 0.994
  745 | Babson               |   3 | 0.681 | 0.757 | 1.111 | 0.847
  746 | Missouri S&T         |   2 | 0.681 | 0.806 | 1.184 | 0.928
  747 | Calvin               |   3 | 0.680 | 0.848 | 1.248 | 0.846
  748 | Felician             |   2 | 0.679 | 0.822 | 1.210 | 0.887
  749 | Concordia (TX)       |   3 | 0.679 | 1.065 | 1.570 | 0.839
  750 | East. Mennonite      |   3 | 0.678 | 0.915 | 1.349 | 0.853
  751 | P.R.-Mayaguez        |   2 | 0.678 | 0.944 | 1.393 | 0.900
  752 | Flagler              |   2 | 0.677 | 0.876 | 1.293 | 0.915
  753 | Simpson              |   3 | 0.677 | 0.912 | 1.349 | 0.852
  754 | Ohio Valley          |   2 | 0.677 | 0.953 | 1.408 | 0.914
  755 | Lincoln (MO)         |   2 | 0.675 | 0.836 | 1.238 | 0.920
  756 | Grambling            |   1 | 0.675 | 0.762 | 1.129 | 0.953
  757 | Cheyney              |   2 | 0.673 | 0.856 | 1.271 | 0.902
  758 | Gwynedd-Mercy        |   3 | 0.673 | 0.910 | 1.353 | 0.809
  759 | Wash. & Lee          |   3 | 0.672 | 0.828 | 1.233 | 0.859
  760 | St. Josephs (L.I.)   |   3 | 0.672 | 0.982 | 1.462 | 0.807
  761 | Texas Lutheran       |   3 | 0.670 | 0.792 | 1.182 | 0.846
  762 | Union (NY)           |   3 | 0.670 | 0.838 | 1.251 | 0.821
  763 | Rhodes               |   3 | 0.670 | 0.798 | 1.192 | 0.816
  764 | Eastern              |   3 | 0.669 | 0.885 | 1.323 | 0.826
  765 | East Tex. Baptist    |   3 | 0.668 | 0.902 | 1.350 | 0.835
  766 | St. Lawrence         |   3 | 0.668 | 0.777 | 1.163 | 0.835
  767 | Thiel                |   3 | 0.668 | 0.848 | 1.270 | 0.816
  768 | Wis.-Stout           |   3 | 0.668 | 0.751 | 1.125 | 0.877
  769 | Mount Union          |   3 | 0.668 | 0.779 | 1.166 | 0.836
  770 | Morehouse            |   2 | 0.667 | 0.800 | 1.201 | 0.866
  771 | St. Johns (MN)       |   3 | 0.667 | 0.761 | 1.140 | 0.835
  772 | UC Santa Cruz        |   3 | 0.667 | 0.826 | 1.238 | 0.866
  773 | Thomas More          |   3 | 0.667 | 0.870 | 1.305 | 0.807
  774 | St. Andrews          |   2 | 0.667 | 0.946 | 1.419 | 0.893
  775 | Frostburg St.        |   3 | 0.666 | 0.868 | 1.303 | 0.835
  776 | Salisbury            |   3 | 0.665 | 0.767 | 1.153 | 0.839
  777 | Muhlenberg           |   3 | 0.664 | 0.873 | 1.315 | 0.819
  778 | Trinity (TX)         |   3 | 0.664 | 0.761 | 1.145 | 0.827
  779 | Medgar Evers         |   3 | 0.663 | 0.860 | 1.297 | 0.829
  780 | Schreiner            |   3 | 0.663 | 0.883 | 1.332 | 0.839
  781 | Tampa                |   2 | 0.662 | 0.742 | 1.120 | 0.901
  782 | Maryville (TN)       |   3 | 0.660 | 0.851 | 1.288 | 0.809
  783 | Northwestern (MN)    |   3 | 0.660 | 0.789 | 1.195 | 0.796
  784 | Mars Hill            |   2 | 0.660 | 1.005 | 1.524 | 0.898
  785 | Lebanon Valley       |   3 | 0.659 | 0.838 | 1.272 | 0.843
  786 | Hamilton             |   3 | 0.658 | 0.802 | 1.219 | 0.844
  787 | Clarkson             |   3 | 0.658 | 0.853 | 1.297 | 0.823
  788 | Beloit               |   3 | 0.656 | 0.844 | 1.287 | 0.849
  789 | Illinois Col.        |   3 | 0.656 | 0.848 | 1.293 | 0.851
  790 | Oakland City         |   2 | 0.656 | 0.863 | 1.316 | 0.950
  791 | Linfield             |   3 | 0.656 | 0.824 | 1.257 | 0.878
  792 | Wartburg             |   3 | 0.655 | 0.789 | 1.204 | 0.825
  793 | Academy of Art       |   2 | 0.654 | 0.840 | 1.286 | 0.912
  794 | Defiance             |   3 | 0.654 | 0.883 | 1.350 | 0.842
  795 | N.C. Wesleyan        |   3 | 0.654 | 0.847 | 1.294 | 0.839
  796 | Susquehanna          |   3 | 0.653 | 0.807 | 1.234 | 0.837
  797 | George Fox           |   3 | 0.653 | 0.823 | 1.261 | 0.864
  798 | Carleton             |   3 | 0.653 | 0.772 | 1.182 | 0.839
  799 | Penn St.-Behrend     |   3 | 0.652 | 0.682 | 1.045 | 0.793
  800 | Case                 |   3 | 0.652 | 0.863 | 1.323 | 0.849
  801 | Elms                 |   3 | 0.651 | 0.784 | 1.204 | 0.803
  802 | SUNY Geneseo         |   3 | 0.650 | 0.794 | 1.221 | 0.830
  803 | Delta St.            |   2 | 0.649 | 0.811 | 1.250 | 0.911
  804 | Fredonia St.         |   3 | 0.649 | 0.739 | 1.138 | 0.831
  805 | Wis.-Oshkosh         |   3 | 0.649 | 0.878 | 1.352 | 0.872
  806 | Brevard              |   2 | 0.649 | 0.790 | 1.218 | 0.900
  807 | Moravian             |   3 | 0.648 | 0.842 | 1.300 | 0.829
  808 | Carnegie Mellon      |   3 | 0.648 | 0.846 | 1.306 | 0.857
  809 | TCNJ                 |   3 | 0.648 | 0.804 | 1.240 | 0.833
  810 | Centenary (LA)       |   1 | 0.648 | 0.852 | 1.315 | 0.837
  811 | Merchant Marine      |   3 | 0.648 | 0.821 | 1.268 | 0.825
  812 | Gettysburg           |   3 | 0.645 | 0.731 | 1.133 | 0.826
  813 | Greenville           |   3 | 0.645 | 0.955 | 1.480 | 0.800
  814 | Castleton            |   3 | 0.645 | 1.000 | 1.550 | 0.785
  815 | Lane                 |   2 | 0.644 | 0.837 | 1.301 | 0.870
  816 | Mississippi Col.     |   3 | 0.644 | 0.861 | 1.337 | 0.836
  817 | Otterbein            |   3 | 0.643 | 0.822 | 1.279 | 0.849
  818 | Rowan                |   3 | 0.643 | 0.819 | 1.274 | 0.834
  819 | Loras                |   3 | 0.642 | 0.826 | 1.286 | 0.854
  820 | Ozarks (AR)          |   3 | 0.641 | 0.890 | 1.389 | 0.828
  821 | Franklin             |   3 | 0.641 | 0.830 | 1.295 | 0.834
  822 | Lawrence             |   3 | 0.640 | 0.851 | 1.331 | 0.844
  823 | Greensboro           |   3 | 0.639 | 0.896 | 1.401 | 0.823
  824 | Penn St.-Harrisburg  |   3 | 0.638 | 0.889 | 1.393 | 0.800
  825 | Johns Hopkins        |   3 | 0.638 | 0.737 | 1.156 | 0.817
  826 | FDU-Florham          |   3 | 0.638 | 0.763 | 1.196 | 0.834
  827 | Neumann              |   3 | 0.638 | 0.825 | 1.293 | 0.818
  828 | Plymouth St.         |   3 | 0.636 | 0.816 | 1.284 | 0.849
  829 | Southern Me.         |   3 | 0.635 | 0.807 | 1.272 | 0.848
  830 | Coast Guard          |   3 | 0.634 | 0.878 | 1.385 | 0.840
  831 | Menlo                |   3 | 0.634 | 0.756 | 1.193 | 1.009
  832 | Manhattanville       |   3 | 0.633 | 0.807 | 1.275 | 0.835
  833 | Colby-Sawyer         |   3 | 0.633 | 0.842 | 1.330 | 0.769
  834 | La Roche             |   3 | 0.632 | 0.823 | 1.302 | 0.787
  835 | Kenyon               |   3 | 0.631 | 0.849 | 1.347 | 0.841
  836 | Kings (PA)           |   3 | 0.631 | 0.808 | 1.281 | 0.831
  837 | Cal Lutheran         |   3 | 0.630 | 0.695 | 1.103 | 0.844
  838 | P.R.-Bayamon         |   2 | 0.629 | 0.760 | 1.208 | 0.907
  839 | Rensselaer           |   3 | 0.629 | 1.073 | 1.705 | 0.846
  840 | Elizabethtown        |   3 | 0.628 | 0.781 | 1.244 | 0.851
  841 | Salve Regina         |   3 | 0.627 | 0.814 | 1.297 | 0.798
  842 | Louisiana Col.       |   3 | 0.627 | 0.834 | 1.330 | 0.848
  843 | Regis (CO)           |   2 | 0.627 | 0.777 | 1.240 | 0.890
  844 | Endicott             |   3 | 0.627 | 0.871 | 1.389 | 0.795
  845 | York (NY)            |   3 | 0.627 | 0.789 | 1.258 | 0.840
  846 | Willamette           |   3 | 0.626 | 0.920 | 1.470 | 0.869
  847 | Johnson & Wales (RI) |   3 | 0.626 | 0.879 | 1.404 | 0.818
  848 | Rockford             |   3 | 0.626 | 0.861 | 1.375 | 0.815
  849 | Fitchburg St.        |   3 | 0.626 | 0.884 | 1.411 | 0.809
  850 | Mercy                |   2 | 0.625 | 0.808 | 1.292 | 0.892
  851 | Concordia-Mhead      |   3 | 0.625 | 0.788 | 1.260 | 0.840
  852 | Albion               |   3 | 0.625 | 0.746 | 1.193 | 0.832
  853 | Oglethorpe           |   3 | 0.625 | 0.779 | 1.247 | 0.811
  854 | Sul Ross St.         |   3 | 0.624 | 0.734 | 1.177 | 0.848
  855 | Allegheny            |   3 | 0.624 | 0.780 | 1.250 | 0.845
  856 | Occidental           |   3 | 0.624 | 0.760 | 1.218 | 0.842
  857 | Alma                 |   3 | 0.624 | 0.912 | 1.460 | 0.841
  858 | Morrisville St.      |   3 | 0.623 | 0.841 | 1.350 | 0.800
  859 | Wheaton (MA)         |   3 | 0.623 | 0.782 | 1.256 | 0.842
  860 | Eureka               |   3 | 0.623 | 0.880 | 1.412 | 0.815
  861 | Ferrum               |   3 | 0.622 | 0.842 | 1.352 | 0.834
  862 | Washington Col.      |   3 | 0.622 | 0.880 | 1.414 | 0.827
  863 | Old Westbury         |   3 | 0.621 | 0.879 | 1.415 | 0.801
  864 | La Verne             |   3 | 0.621 | 0.802 | 1.290 | 0.854
  865 | Howard Payne         |   3 | 0.621 | 0.845 | 1.361 | 0.847
  866 | Heidelberg           |   3 | 0.619 | 0.845 | 1.367 | 0.847
  867 | Westminster (MO)     |   3 | 0.618 | 0.743 | 1.203 | 0.814
  868 | Alfred               |   3 | 0.618 | 0.776 | 1.257 | 0.815
  869 | Methodist            |   3 | 0.617 | 0.826 | 1.339 | 0.850
  870 | Kean                 |   3 | 0.616 | 0.684 | 1.110 | 0.842
  871 | Concordia Chicago    |   3 | 0.616 | 0.748 | 1.216 | 0.828
  872 | Emmanuel (MA)        |   3 | 0.616 | 0.777 | 1.260 | 0.814
  873 | Monmouth (IL)        |   3 | 0.615 | 0.795 | 1.292 | 0.849
  874 | St. John Fisher      |   3 | 0.615 | 0.765 | 1.244 | 0.828
  875 | Roanoke              |   3 | 0.613 | 0.847 | 1.382 | 0.851
  876 | Hilbert              |   3 | 0.613 | 0.829 | 1.353 | 0.781
  877 | Wentworth Inst.      |   3 | 0.612 | 0.727 | 1.188 | 0.798
  878 | Nyack                |   2 | 0.611 | 0.855 | 1.398 | 0.885
  879 | Grove City           |   3 | 0.610 | 0.778 | 1.274 | 0.802
  880 | Colorado Col.        |   3 | 0.610 | 0.733 | 1.202 | 0.819
  881 | Utica                |   3 | 0.610 | 0.882 | 1.445 | 0.823
  882 | Pacific (OR)         |   3 | 0.610 | 0.753 | 1.234 | 0.861
  883 | LaGrange             |   3 | 0.609 | 0.852 | 1.398 | 0.817
  884 | Emory & Henry        |   3 | 0.609 | 0.787 | 1.292 | 0.856
  885 | Webster              |   3 | 0.609 | 0.818 | 1.342 | 0.811
  886 | Plattsburgh St.      |   3 | 0.609 | 0.791 | 1.300 | 0.835
  887 | Rochester Inst.      |   3 | 0.608 | 0.813 | 1.339 | 0.830
  888 | Finlandia            |   3 | 0.608 | 0.887 | 1.460 | 0.809
  889 | New Paltz St.        |   3 | 0.608 | 0.840 | 1.381 | 0.836
  890 | Lasell               |   3 | 0.607 | 0.849 | 1.400 | 0.823
  891 | Husson               |   3 | 0.607 | 0.822 | 1.355 | 0.780
  892 | John Jay             |   3 | 0.606 | 0.893 | 1.475 | 0.823
  893 | Purchase St.         |   3 | 0.606 | 0.801 | 1.322 | 0.806
  894 | North Park           |   3 | 0.606 | 0.769 | 1.269 | 0.860
  895 | Framingham St.       |   3 | 0.606 | 0.793 | 1.308 | 0.818
  896 | Muskingum            |   3 | 0.606 | 0.731 | 1.205 | 0.845
  897 | Marymount (VA)       |   3 | 0.606 | 0.759 | 1.253 | 0.845
  898 | Immaculata           |   3 | 0.605 | 0.806 | 1.332 | 0.817
  899 | Lincoln Christian    |   3 | 0.605 | 0.829 | 1.370 | 0.711
  900 | Spalding             |   3 | 0.605 | 0.709 | 1.172 | 0.820
  901 | Mt. St. Joseph       |   3 | 0.603 | 0.680 | 1.127 | 0.844
  902 | Wells                |   3 | 0.603 | 0.762 | 1.264 | 0.800
  903 | Bluefield St.        |   2 | 0.603 | 0.920 | 1.526 | 0.910
  904 | Rosemont             |   3 | 0.603 | 0.753 | 1.249 | 0.807
  905 | Manchester           |   3 | 0.602 | 0.710 | 1.180 | 0.841
  906 | St. Josephs (Brkln)  |   3 | 0.602 | 0.764 | 1.269 | 0.807
  907 | Colo. Christian      |   2 | 0.602 | 0.770 | 1.278 | 0.901
  908 | MacMurray            |   3 | 0.601 | 0.805 | 1.340 | 0.821
  909 | Haverford            |   3 | 0.601 | 0.766 | 1.275 | 0.832
  910 | Ursinus              |   3 | 0.601 | 0.774 | 1.288 | 0.828
  911 | Connecticut Col.     |   3 | 0.600 | 0.716 | 1.193 | 0.841
  912 | Texas-Tyler          |   3 | 0.600 | 0.767 | 1.278 | 0.843
  913 | Mass. Liberal Arts   |   3 | 0.600 | 0.822 | 1.371 | 0.829
  914 | Marian (WI)          |   3 | 0.599 | 0.784 | 1.309 | 0.819
  915 | McDaniel             |   3 | 0.599 | 0.681 | 1.139 | 0.821
  916 | Lock Haven           |   2 | 0.599 | 0.753 | 1.258 | 0.911
  917 | Gordon               |   3 | 0.598 | 0.733 | 1.226 | 0.804
  918 | Rust                 |   3 | 0.597 | 0.871 | 1.459 | 0.802
  919 | Knox                 |   3 | 0.597 | 0.780 | 1.305 | 0.849
  920 | Nichols              |   3 | 0.595 | 0.860 | 1.445 | 0.795
  921 | Bethany Lutheran     |   3 | 0.594 | 0.778 | 1.310 | 0.790
  922 | Worcester St.        |   3 | 0.594 | 0.776 | 1.307 | 0.823
  923 | Lehman               |   3 | 0.593 | 0.731 | 1.232 | 0.811
  924 | Mt. St. Vincent      |   3 | 0.593 | 0.838 | 1.413 | 0.807
  925 | Delaware Valley      |   3 | 0.593 | 0.808 | 1.362 | 0.838
  926 | Sewanee              |   3 | 0.591 | 0.755 | 1.276 | 0.818
  927 | Stevenson            |   3 | 0.591 | 0.767 | 1.296 | 0.837
  928 | Wheelock             |   3 | 0.591 | 0.725 | 1.227 | 0.793
  929 | Centenary (NJ)       |   3 | 0.589 | 0.873 | 1.481 | 0.810
  930 | Okla. Panhandle      |   2 | 0.587 | 0.779 | 1.328 | 0.911
  931 | Penn St.-Berks       |   3 | 0.585 | 0.813 | 1.389 | 0.801
  932 | Curry                |   3 | 0.585 | 0.814 | 1.392 | 0.806
  933 | Drew                 |   3 | 0.583 | 0.807 | 1.385 | 0.844
  934 | Hunter               |   3 | 0.582 | 0.773 | 1.329 | 0.825
  935 | Mass.-Boston         |   3 | 0.580 | 0.793 | 1.368 | 0.854
  936 | Thomas (ME)          |   3 | 0.579 | 0.849 | 1.465 | 0.769
  937 | Kalamazoo            |   3 | 0.578 | 0.777 | 1.345 | 0.832
  938 | St. Scholastica      |   3 | 0.578 | 0.770 | 1.332 | 0.787
  939 | Oneonta St.          |   3 | 0.577 | 0.729 | 1.263 | 0.840
  940 | Roger Williams       |   3 | 0.574 | 0.723 | 1.260 | 0.799
  941 | Me.-Farmington       |   3 | 0.574 | 0.757 | 1.319 | 0.775
  942 | Wash. & Jeff.        |   3 | 0.573 | 0.768 | 1.341 | 0.813
  943 | Milwaukee Engr.      |   3 | 0.572 | 0.677 | 1.185 | 0.813
  944 | Vassar               |   3 | 0.571 | 0.745 | 1.304 | 0.832
  945 | Colby                |   3 | 0.571 | 0.694 | 1.215 | 0.837
  946 | DYouville            |   3 | 0.570 | 0.904 | 1.585 | 0.791
  947 | Huntingdon           |   3 | 0.569 | 0.826 | 1.451 | 0.810
  948 | Regis (MA)           |   3 | 0.569 | 0.684 | 1.202 | 0.794
  949 | Shenandoah           |   3 | 0.567 | 0.768 | 1.355 | 0.834
  950 | Penn St.-Abington    |   3 | 0.566 | 0.908 | 1.604 | 0.803
  951 | St. Marys (MN)       |   3 | 0.566 | 0.718 | 1.268 | 0.840
  952 | Suffolk              |   3 | 0.563 | 0.836 | 1.485 | 0.809
  953 | Earlham              |   3 | 0.563 | 0.744 | 1.322 | 0.837
  954 | Gallaudet            |   3 | 0.563 | 0.754 | 1.338 | 0.799
  955 | Wis. Lutheran        |   3 | 0.562 | 0.773 | 1.376 | 0.832
  956 | LeTourneau           |   3 | 0.562 | 0.723 | 1.286 | 0.841
  957 | Goucher              |   3 | 0.562 | 0.748 | 1.332 | 0.834
  958 | Marywood             |   3 | 0.560 | 0.705 | 1.258 | 0.823
  959 | Cornell College      |   3 | 0.560 | 0.735 | 1.314 | 0.838
  960 | Minn.-Morris         |   3 | 0.559 | 0.756 | 1.351 | 0.770
  961 | Piedmont             |   3 | 0.558 | 0.852 | 1.526 | 0.819
  962 | Oberlin              |   3 | 0.557 | 0.692 | 1.243 | 0.844
  963 | Mt. Aloysius         |   3 | 0.557 | 0.944 | 1.694 | 0.788
  964 | Southwestern (TX)    |   3 | 0.556 | 0.744 | 1.338 | 0.837
  965 | Cazenovia            |   3 | 0.553 | 0.767 | 1.386 | 0.796
  966 | SUNY Potsdam         |   3 | 0.553 | 0.706 | 1.275 | 0.830
  967 | Dominican (IL)       |   3 | 0.553 | 0.740 | 1.339 | 0.822
  968 | Me.-Presque Isle     |   3 | 0.552 | 0.755 | 1.369 | 0.803
  969 | Millsaps             |   3 | 0.552 | 0.676 | 1.224 | 0.815
  970 | SUNYIT               |   3 | 0.552 | 0.820 | 1.485 | 0.801
  971 | Rutgers-Camden       |   3 | 0.551 | 0.756 | 1.372 | 0.841
  972 | Hendrix              |   3 | 0.549 | 0.743 | 1.353 | 0.818
  973 | Fontbonne            |   3 | 0.549 | 0.746 | 1.358 | 0.813
  974 | Western New Eng.     |   3 | 0.548 | 0.712 | 1.299 | 0.801
  975 | Dallas               |   3 | 0.546 | 0.767 | 1.406 | 0.815
  976 | Emerson              |   3 | 0.544 | 0.682 | 1.254 | 0.817
  977 | Mount Ida            |   3 | 0.543 | 0.729 | 1.343 | 0.799
  978 | Geneva               |   3 | 0.543 | 0.767 | 1.411 | 0.815
  979 | Newbury              |   3 | 0.542 | 0.739 | 1.364 | 0.796
  980 | Macalester           |   3 | 0.541 | 0.690 | 1.275 | 0.839
  981 | Daniel Webster       |   3 | 0.539 | 0.755 | 1.400 | 0.786
  982 | Westminster (PA)     |   3 | 0.539 | 0.798 | 1.480 | 0.816
  983 | Sage Colleges        |   3 | 0.538 | 0.716 | 1.331 | 0.793
  984 | Swarthmore           |   3 | 0.537 | 0.743 | 1.384 | 0.832
  985 | Pitt.-Greensburg     |   3 | 0.536 | 0.766 | 1.429 | 0.789
  986 | Pitt.-Bradford       |   3 | 0.536 | 0.714 | 1.332 | 0.788
  987 | Rivier               |   3 | 0.535 | 0.714 | 1.335 | 0.801
  988 | Olivet               |   3 | 0.534 | 0.782 | 1.465 | 0.842
  989 | North Central (MN)   |   3 | 0.533 | 0.852 | 1.599 | 0.777
  990 | Baptist Bible (PA)   |   3 | 0.532 | 0.691 | 1.298 | 0.812
  991 | U New England        |   3 | 0.529 | 0.670 | 1.267 | 0.804
  992 | Lancaster Bible      |   3 | 0.529 | 0.706 | 1.333 | 0.794
  993 | Elmira               |   3 | 0.526 | 0.668 | 1.270 | 0.833
  994 | Waynesburg           |   3 | 0.526 | 0.682 | 1.297 | 0.802
  995 | Eastern Nazarene     |   3 | 0.526 | 0.740 | 1.406 | 0.789
  996 | Lesley               |   3 | 0.524 | 0.726 | 1.386 | 0.797
  997 | Yeshiva              |   3 | 0.521 | 0.675 | 1.297 | 0.802
  998 | Keuka                |   3 | 0.517 | 0.723 | 1.400 | 0.796
  999 | Mitchell             |   3 | 0.512 | 0.751 | 1.467 | 0.791
 1000 | Northland            |   3 | 0.510 | 0.746 | 1.462 | 0.788
 1001 | Caltech              |   3 | 0.509 | 0.680 | 1.336 | 0.843
 1002 | Crown (MN)           |   3 | 0.506 | 0.763 | 1.507 | 0.786
 1003 | Phila. Biblical      |   3 | 0.503 | 0.717 | 1.425 | 0.812
 1004 | Cobleskill St.       |   3 | 0.496 | 0.714 | 1.440 | 0.812
 1005 | CCNY                 |   3 | 0.495 | 0.686 | 1.387 | 0.822
 1006 | Norwich              |   3 | 0.495 | 0.683 | 1.379 | 0.800
 1007 | Maranatha Baptist    |   3 | 0.493 | 0.666 | 1.350 | 0.819
 1008 | Penn St.-Altoona     |   3 | 0.491 | 0.738 | 1.504 | 0.789
 1009 | Berry                |   3 | 0.485 | 0.712 | 1.470 | 0.825
 1010 | SUNY Maritime        |   3 | 0.485 | 0.709 | 1.461 | 0.808
 1011 | Johnson St.          |   3 | 0.482 | 0.703 | 1.459 | 0.772
 1012 | Lyndon St.           |   3 | 0.482 | 0.740 | 1.536 | 0.785
 1013 | Polytechnic (NY)     |   3 | 0.478 | 0.642 | 1.343 | 0.806
 1014 | Millikin             |   3 | 0.477 | 0.602 | 1.260 | 0.865
 1015 | New England Col.     |   3 | 0.476 | 0.742 | 1.558 | 0.763
 1016 | Presentation         |   3 | 0.464 | 0.674 | 1.454 | 0.784
 1017 | Southern Vt.         |   3 | 0.463 | 0.743 | 1.607 | 0.805
 1018 | Principia            |   3 | 0.456 | 0.723 | 1.586 | 0.817
 1019 | Martin Luther        |   3 | 0.455 | 0.683 | 1.501 | 0.783
 1020 | Green Mountain       |   3 | 0.416 | 0.658 | 1.582 | 0.777
 1021 | Maine Maritime       |   3 | 0.409 | 0.568 | 1.391 | 0.774
 1022 | Franciscan           |   3 | 0.364 | 0.525 | 1.443 | 0.794
(1022 rows)

COMMIT
