BEGIN
CREATE TABLE
INSERT 0 1018
  rk  |        school        | div |  str  |  ofs  |  dfs  |  sos  
------+----------------------+-----+-------+-------+-------+-------
    1 | Duke                 |   1 | 1.432 | 1.226 | 0.856 | 1.064
    2 | Kansas               |   1 | 1.400 | 1.233 | 0.880 | 1.049
    3 | Syracuse             |   1 | 1.339 | 1.220 | 0.911 | 1.046
    4 | Wisconsin            |   1 | 1.322 | 1.044 | 0.790 | 1.050
    5 | BYU                  |   1 | 1.315 | 1.226 | 0.932 | 1.017
    6 | Texas                |   1 | 1.314 | 1.225 | 0.933 | 1.047
    7 | West Virginia        |   1 | 1.308 | 1.151 | 0.880 | 1.064
    8 | Purdue               |   1 | 1.301 | 1.119 | 0.860 | 1.052
    9 | Kentucky             |   1 | 1.298 | 1.187 | 0.915 | 1.045
   10 | Kansas St.           |   1 | 1.298 | 1.222 | 0.941 | 1.060
   11 | Ohio St.             |   1 | 1.295 | 1.131 | 0.873 | 1.044
   12 | Missouri             |   1 | 1.292 | 1.177 | 0.911 | 1.041
   13 | Maryland             |   1 | 1.285 | 1.215 | 0.945 | 1.047
   14 | Clemson              |   1 | 1.273 | 1.123 | 0.882 | 1.051
   15 | Florida St.          |   1 | 1.265 | 1.068 | 0.844 | 1.048
   16 | California           |   1 | 1.265 | 1.218 | 0.963 | 1.051
   17 | Villanova            |   1 | 1.264 | 1.270 | 1.005 | 1.048
   18 | Baylor               |   1 | 1.254 | 1.130 | 0.901 | 1.045
   19 | Michigan St.         |   1 | 1.252 | 1.131 | 0.904 | 1.050
   20 | Xavier               |   1 | 1.243 | 1.206 | 0.971 | 1.040
   21 | Minnesota            |   1 | 1.241 | 1.123 | 0.904 | 1.048
   22 | Georgetown           |   1 | 1.241 | 1.119 | 0.901 | 1.060
   23 | Georgia Tech         |   1 | 1.240 | 1.130 | 0.911 | 1.052
   24 | Tennessee            |   1 | 1.239 | 1.121 | 0.905 | 1.049
   25 | Marquette            |   1 | 1.237 | 1.115 | 0.901 | 1.043
   26 | Vanderbilt           |   1 | 1.235 | 1.184 | 0.958 | 1.045
   27 | Texas A&M            |   1 | 1.228 | 1.091 | 0.889 | 1.057
   28 | Arizona St.          |   1 | 1.225 | 1.023 | 0.835 | 1.032
   29 | Temple               |   1 | 1.224 | 0.977 | 0.798 | 1.029
   30 | Pittsburgh           |   1 | 1.223 | 1.045 | 0.854 | 1.047
   31 | Old Dominion         |   1 | 1.222 | 1.012 | 0.829 | 1.018
   32 | Utah St.             |   1 | 1.221 | 1.048 | 0.858 | 1.008
   33 | Louisville           |   1 | 1.216 | 1.163 | 0.957 | 1.051
   34 | Butler               |   1 | 1.212 | 1.061 | 0.875 | 1.035
   35 | Washington           |   1 | 1.212 | 1.201 | 0.991 | 1.045
   36 | Virginia Tech        |   1 | 1.209 | 1.079 | 0.892 | 1.034
   37 | Mississippi St.      |   1 | 1.209 | 1.096 | 0.907 | 1.030
   38 | UNLV                 |   1 | 1.208 | 1.119 | 0.926 | 1.026
   39 | New Mexico           |   1 | 1.208 | 1.158 | 0.958 | 1.025
   40 | UTEP                 |   1 | 1.206 | 1.111 | 0.921 | 1.017
   41 | Gonzaga              |   1 | 1.202 | 1.149 | 0.956 | 1.020
   42 | Wake Forest          |   1 | 1.200 | 1.142 | 0.952 | 1.056
   43 | Connecticut          |   1 | 1.197 | 1.105 | 0.923 | 1.058
   44 | Dayton               |   1 | 1.197 | 1.040 | 0.869 | 1.035
   45 | Florida              |   1 | 1.197 | 1.084 | 0.906 | 1.042
   46 | Mississippi          |   1 | 1.196 | 1.183 | 0.989 | 1.037
   47 | Oklahoma St.         |   1 | 1.191 | 1.117 | 0.938 | 1.044
   48 | St. Marys (CA)       |   1 | 1.189 | 1.160 | 0.976 | 1.017
   49 | Memphis              |   1 | 1.188 | 1.116 | 0.939 | 1.022
   50 | UNI                  |   1 | 1.184 | 0.958 | 0.809 | 1.023
   51 | Illinois             |   1 | 1.183 | 1.102 | 0.931 | 1.053
   52 | Richmond             |   1 | 1.180 | 1.012 | 0.858 | 1.028
   53 | San Diego St.        |   1 | 1.180 | 1.075 | 0.911 | 1.020
   54 | Miami (FL)           |   1 | 1.174 | 1.092 | 0.930 | 1.033
   55 | UAB                  |   1 | 1.167 | 1.042 | 0.892 | 1.025
   56 | Murray St.           |   1 | 1.166 | 1.083 | 0.930 | 0.977
   57 | North Carolina       |   1 | 1.165 | 1.161 | 0.997 | 1.058
   58 | VCU                  |   1 | 1.163 | 1.150 | 0.988 | 1.012
   59 | Notre Dame           |   1 | 1.159 | 1.182 | 1.020 | 1.041
   60 | Marshall             |   1 | 1.158 | 1.137 | 0.982 | 1.009
   61 | Boston College       |   1 | 1.155 | 1.074 | 0.930 | 1.044
   62 | Cincinnati           |   1 | 1.153 | 1.057 | 0.917 | 1.050
   63 | Tulsa                |   1 | 1.152 | 1.066 | 0.925 | 1.022
   64 | Seton Hall           |   1 | 1.152 | 1.190 | 1.033 | 1.039
   65 | Siena                |   1 | 1.152 | 1.136 | 0.986 | 1.003
   66 | Wichita St.          |   1 | 1.142 | 1.038 | 0.909 | 1.009
   67 | Cornell              |   1 | 1.140 | 1.088 | 0.954 | 0.985
   68 | Alabama              |   1 | 1.139 | 1.032 | 0.906 | 1.041
   69 | Virginia             |   1 | 1.134 | 1.012 | 0.893 | 1.049
   70 | North Carolina St.   |   1 | 1.133 | 1.044 | 0.922 | 1.048
   71 | Northwestern         |   1 | 1.133 | 1.069 | 0.944 | 1.033
   72 | Wright St.           |   1 | 1.132 | 1.010 | 0.892 | 1.004
   73 | Southern California  |   1 | 1.129 | 0.893 | 0.791 | 1.040
   74 | Rhode Island         |   1 | 1.128 | 1.157 | 1.026 | 1.028
   75 | Michigan             |   1 | 1.127 | 0.993 | 0.881 | 1.052
   76 | Northeastern         |   1 | 1.126 | 0.979 | 0.869 | 1.021
   77 | South Fla.           |   1 | 1.123 | 1.032 | 0.919 | 1.045
   78 | Iowa St.             |   1 | 1.121 | 1.087 | 0.970 | 1.048
   79 | St. Johns (NY)       |   1 | 1.121 | 1.014 | 0.904 | 1.049
   80 | Texas Tech           |   1 | 1.120 | 1.157 | 1.033 | 1.052
   81 | South Carolina       |   1 | 1.118 | 1.089 | 0.974 | 1.048
   82 | Portland             |   1 | 1.115 | 1.042 | 0.934 | 1.008
   83 | Arizona              |   1 | 1.113 | 1.097 | 0.986 | 1.050
   84 | Providence           |   1 | 1.110 | 1.245 | 1.122 | 1.046
   85 | Georgia              |   1 | 1.109 | 1.064 | 0.960 | 1.051
   86 | Missouri St.         |   1 | 1.107 | 1.080 | 0.976 | 1.012
   87 | Nebraska             |   1 | 1.105 | 1.007 | 0.911 | 1.040
   88 | Houston              |   1 | 1.104 | 1.186 | 1.075 | 1.024
   89 | Kent St.             |   1 | 1.103 | 1.061 | 0.962 | 1.010
   90 | Oklahoma             |   1 | 1.096 | 1.089 | 0.993 | 1.050
   91 | Charlotte            |   1 | 1.094 | 1.101 | 1.006 | 1.021
   92 | Nevada               |   1 | 1.094 | 1.147 | 1.048 | 1.022
   93 | Wofford              |   1 | 1.093 | 1.001 | 0.916 | 0.987
   94 | Illinois St.         |   1 | 1.091 | 1.042 | 0.955 | 1.006
   95 | Penn St.             |   1 | 1.089 | 1.011 | 0.928 | 1.044
   96 | Colorado             |   1 | 1.087 | 1.114 | 1.025 | 1.039
   97 | Louisiana Tech       |   1 | 1.084 | 1.084 | 1.000 | 1.004
   98 | St. Louis            |   1 | 1.081 | 0.937 | 0.867 | 1.018
   99 | Stanford             |   1 | 1.079 | 1.061 | 0.984 | 1.040
  100 | Southern Miss.       |   1 | 1.079 | 0.942 | 0.873 | 1.016
  101 | Harvard              |   1 | 1.079 | 1.097 | 1.017 | 0.976
  102 | Auburn               |   1 | 1.075 | 1.121 | 1.042 | 1.028
  103 | George Washington    |   1 | 1.074 | 1.042 | 0.970 | 1.013
  104 | Utah                 |   1 | 1.074 | 1.009 | 0.939 | 1.026
  105 | Washington St.       |   1 | 1.072 | 1.093 | 1.020 | 1.025
  106 | Iona                 |   1 | 1.071 | 0.971 | 0.907 | 0.999
  107 | IUPUI                |   1 | 1.070 | 1.054 | 0.985 | 0.988
  108 | Sam Houston St.      |   1 | 1.068 | 1.124 | 1.053 | 0.984
  109 | Arkansas             |   1 | 1.068 | 1.113 | 1.042 | 1.033
  110 | William & Mary       |   1 | 1.064 | 1.011 | 0.949 | 1.011
  111 | Weber St.            |   1 | 1.064 | 1.114 | 1.047 | 0.994
  112 | Akron                |   1 | 1.064 | 1.023 | 0.962 | 0.997
  113 | Montana              |   1 | 1.061 | 0.972 | 0.916 | 0.988
  114 | Pacific              |   1 | 1.060 | 0.939 | 0.886 | 0.996
  115 | Oregon               |   1 | 1.059 | 1.046 | 0.987 | 1.033
  116 | Morehead St.         |   1 | 1.059 | 0.997 | 0.942 | 0.987
  117 | UCLA                 |   1 | 1.058 | 1.021 | 0.965 | 1.044
  118 | Western Ky.          |   1 | 1.056 | 1.038 | 0.983 | 0.996
  119 | Creighton            |   1 | 1.056 | 1.054 | 0.998 | 1.016
  120 | Hofstra              |   1 | 1.054 | 1.034 | 0.982 | 1.003
  121 | SMU                  |   1 | 1.053 | 0.985 | 0.936 | 1.010
  122 | Coastal Caro.        |   1 | 1.049 | 0.968 | 0.923 | 0.950
  123 | Bradley              |   1 | 1.048 | 1.028 | 0.981 | 1.024
  124 | Southern Ill.        |   1 | 1.047 | 1.052 | 1.005 | 1.007
  125 | Princeton            |   1 | 1.043 | 0.855 | 0.819 | 0.969
  126 | Northern Colo.       |   1 | 1.043 | 1.043 | 1.000 | 0.978
  127 | Fairfield            |   1 | 1.042 | 1.034 | 0.992 | 0.991
  128 | Ohio                 |   1 | 1.042 | 1.075 | 1.032 | 1.005
  129 | Oregon St.           |   1 | 1.040 | 0.897 | 0.862 | 1.028
  130 | Belmont              |   1 | 1.037 | 1.046 | 1.009 | 0.981
  131 | Niagara              |   1 | 1.034 | 1.076 | 1.041 | 0.995
  132 | Duquesne             |   1 | 1.034 | 1.047 | 1.013 | 1.017
  133 | Oral Roberts         |   1 | 1.034 | 1.004 | 0.971 | 0.991
  134 | Detroit              |   1 | 1.032 | 1.020 | 0.988 | 0.996
  135 | Western Mich.        |   1 | 1.028 | 1.031 | 1.003 | 0.999
  136 | St. Bonaventure      |   1 | 1.028 | 1.026 | 0.998 | 1.014
  137 | Long Beach St.       |   1 | 1.027 | 1.046 | 1.019 | 1.007
  138 | Drexel               |   1 | 1.027 | 0.941 | 0.916 | 1.007
  139 | Augusta St.          |   2 | 1.026 | 1.017 | 0.992 | 0.907
  140 | Appalachian St.      |   1 | 1.024 | 1.057 | 1.032 | 0.989
  141 | Boston U.            |   1 | 1.022 | 1.040 | 1.017 | 0.991
  142 | Indiana St.          |   1 | 1.022 | 1.000 | 0.979 | 1.015
  143 | Iowa                 |   1 | 1.020 | 0.954 | 0.935 | 1.048
  144 | Milwaukee            |   1 | 1.019 | 1.020 | 1.001 | 1.000
  145 | Oakland              |   1 | 1.019 | 1.079 | 1.059 | 0.988
  146 | Middle Tenn.         |   1 | 1.018 | 0.962 | 0.945 | 0.984
  147 | Western Caro.        |   1 | 1.018 | 1.053 | 1.035 | 0.991
  148 | Vermont              |   1 | 1.017 | 1.024 | 1.007 | 0.970
  149 | Miami (OH)           |   1 | 1.016 | 0.942 | 0.928 | 1.014
  150 | Col. of Charleston   |   1 | 1.016 | 1.099 | 1.082 | 0.995
  151 | Colorado St.         |   1 | 1.015 | 0.980 | 0.965 | 1.021
  152 | Idaho                |   1 | 1.015 | 1.004 | 0.989 | 1.005
  153 | East Tenn. St.       |   1 | 1.014 | 0.987 | 0.973 | 0.988
  154 | UC Santa Barbara     |   1 | 1.012 | 0.975 | 0.964 | 0.997
  155 | New Mexico St.       |   1 | 1.012 | 1.130 | 1.117 | 1.012
  156 | San Jose St.         |   1 | 1.012 | 1.082 | 1.069 | 1.005
  157 | Jacksonville         |   1 | 1.012 | 1.022 | 1.009 | 0.987
  158 | La Salle             |   1 | 1.012 | 1.056 | 1.043 | 1.021
  159 | George Mason         |   1 | 1.011 | 0.979 | 0.969 | 1.009
  160 | Southern Ind.        |   2 | 1.011 | 1.057 | 1.045 | 0.909
  161 | Fresno St.           |   1 | 1.010 | 0.974 | 0.964 | 1.008
  162 | Rutgers              |   1 | 1.010 | 1.025 | 1.015 | 1.032
  163 | Buffalo              |   1 | 1.009 | 1.076 | 1.066 | 0.991
  164 | Green Bay            |   1 | 1.008 | 1.005 | 0.997 | 1.001
  165 | Morgan St.           |   1 | 1.008 | 1.095 | 1.086 | 0.968
  166 | UCF                  |   1 | 1.006 | 0.984 | 0.978 | 1.012
  167 | Cleveland St.        |   1 | 1.005 | 0.999 | 0.994 | 1.012
  168 | Davidson             |   1 | 1.004 | 1.021 | 1.017 | 0.988
  169 | Stephen F. Austin    |   1 | 1.004 | 0.913 | 0.910 | 0.964
  170 | Fort Hays St.        |   2 | 1.004 | 0.983 | 0.979 | 0.941
  171 | St. Peters           |   1 | 1.004 | 0.895 | 0.891 | 0.983
  172 | Troy                 |   1 | 1.003 | 1.064 | 1.060 | 0.991
  173 | Campbell             |   1 | 1.002 | 0.950 | 0.949 | 0.971
  174 | DePaul               |   1 | 1.002 | 0.922 | 0.920 | 1.043
  175 | Indiana              |   1 | 1.001 | 1.023 | 1.022 | 1.044
  176 | Boise St.            |   1 | 1.000 | 1.049 | 1.050 | 0.998
  177 | TCU                  |   1 | 0.998 | 0.981 | 0.984 | 1.030
  178 | Loyola Marymount     |   1 | 0.996 | 1.097 | 1.102 | 1.002
  179 | North Texas          |   1 | 0.995 | 1.058 | 1.064 | 0.976
  180 | Mt. St. Marys        |   1 | 0.994 | 0.949 | 0.954 | 0.969
  181 | Eastern Ky.          |   1 | 0.994 | 0.994 | 1.000 | 0.972
  182 | Quinnipiac           |   1 | 0.992 | 1.034 | 1.042 | 0.949
  183 | Lipscomb             |   1 | 0.991 | 1.124 | 1.135 | 0.971
  184 | LSU                  |   1 | 0.989 | 0.930 | 0.940 | 1.039
  185 | UTSA                 |   1 | 0.988 | 0.969 | 0.980 | 0.965
  186 | Central Mo.          |   2 | 0.988 | 1.049 | 1.062 | 0.934
  187 | Stony Brook          |   1 | 0.986 | 0.981 | 0.996 | 0.959
  188 | Drake                |   1 | 0.984 | 1.001 | 1.017 | 1.013
  189 | Massachusetts        |   1 | 0.984 | 1.050 | 1.067 | 1.020
  190 | Valparaiso           |   1 | 0.983 | 1.079 | 1.097 | 0.998
  191 | Denver               |   1 | 0.981 | 0.925 | 0.943 | 0.982
  192 | Southeastern La.     |   1 | 0.981 | 1.004 | 1.024 | 0.965
  193 | Seattle              |   1 | 0.980 | 1.147 | 1.169 | 0.986
  194 | Eastern Mich.        |   1 | 0.979 | 0.969 | 0.990 | 0.981
  195 | Central Mich.        |   1 | 0.978 | 0.952 | 0.973 | 0.983
  196 | Ky. Wesleyan         |   2 | 0.976 | 1.037 | 1.062 | 0.919
  197 | Arkansas St.         |   1 | 0.976 | 0.970 | 0.995 | 0.977
  198 | Austin Peay          |   1 | 0.975 | 1.040 | 1.067 | 0.999
  199 | Fla. Atlantic        |   1 | 0.975 | 1.057 | 1.084 | 0.990
  200 | Minn. St. Mankato    |   2 | 0.970 | 1.081 | 1.115 | 0.892
  201 | Georgia St.          |   1 | 0.970 | 0.916 | 0.945 | 1.001
  202 | Citadel              |   1 | 0.969 | 0.884 | 0.912 | 0.988
  203 | Cal St. Fullerton    |   1 | 0.969 | 1.061 | 1.095 | 0.983
  204 | Montana St.          |   1 | 0.968 | 0.965 | 0.997 | 0.986
  205 | St. Josephs          |   1 | 0.968 | 1.033 | 1.068 | 1.030
  206 | San Diego            |   1 | 0.966 | 0.913 | 0.946 | 1.015
  207 | Arkansas Tech        |   2 | 0.964 | 0.992 | 1.029 | 0.914
  208 | UNC Wilmington       |   1 | 0.964 | 0.985 | 1.023 | 1.015
  209 | Loyola Maryland      |   1 | 0.963 | 0.949 | 0.986 | 0.986
  210 | Rider                |   1 | 0.963 | 1.024 | 1.064 | 0.999
  211 | San Francisco        |   1 | 0.962 | 0.998 | 1.037 | 1.017
  212 | Portland St.         |   1 | 0.962 | 1.105 | 1.149 | 0.986
  213 | Robert Morris        |   1 | 0.962 | 0.975 | 1.014 | 0.969
  214 | South Dakota St.     |   1 | 0.962 | 1.060 | 1.102 | 0.981
  215 | La.-Lafayette        |   1 | 0.962 | 0.974 | 1.013 | 0.976
  216 | Lehigh               |   1 | 0.961 | 1.073 | 1.117 | 0.964
  217 | Manhattan            |   1 | 0.961 | 0.948 | 0.986 | 0.994
  218 | Canisius             |   1 | 0.960 | 0.992 | 1.034 | 0.986
  219 | Radford              |   1 | 0.959 | 0.987 | 1.029 | 0.961
  220 | Maine                |   1 | 0.958 | 0.907 | 0.947 | 0.972
  221 | Drury                |   2 | 0.957 | 1.016 | 1.062 | 0.918
  222 | Eastern Ill.         |   1 | 0.956 | 0.950 | 0.994 | 0.969
  223 | Bowling Green        |   1 | 0.955 | 0.926 | 0.970 | 0.999
  224 | Mercer               |   1 | 0.954 | 1.084 | 1.136 | 0.974
  225 | Mo. Southern St.     |   2 | 0.952 | 1.087 | 1.141 | 0.932
  226 | West Liberty         |   2 | 0.951 | 1.211 | 1.273 | 0.873
  227 | Wyoming              |   1 | 0.951 | 1.048 | 1.102 | 1.017
  228 | Cal St. Northridge   |   1 | 0.949 | 1.035 | 1.092 | 0.995
  229 | Tulane               |   1 | 0.947 | 0.926 | 0.978 | 1.016
  230 | Loyola (IL)          |   1 | 0.947 | 0.941 | 0.994 | 1.003
  231 | Wis.-Stevens Point   |   3 | 0.945 | 0.932 | 0.985 | 0.892
  232 | Western Wash.        |   2 | 0.944 | 1.009 | 1.069 | 0.918
  233 | Tarleton St.         |   2 | 0.944 | 0.894 | 0.946 | 0.914
  234 | Evansville           |   1 | 0.943 | 0.962 | 1.019 | 1.007
  235 | Central Okla.        |   2 | 0.938 | 1.162 | 1.238 | 0.912
  236 | Youngstown St.       |   1 | 0.937 | 0.979 | 1.045 | 0.997
  237 | James Madison        |   1 | 0.936 | 0.972 | 1.038 | 0.998
  238 | Hawaii               |   1 | 0.934 | 0.965 | 1.033 | 1.005
  239 | Winthrop             |   1 | 0.930 | 0.854 | 0.919 | 0.966
  240 | IPFW                 |   1 | 0.930 | 0.960 | 1.032 | 0.976
  241 | Ala.-Huntsville      |   2 | 0.930 | 0.947 | 1.018 | 0.907
  242 | Furman               |   1 | 0.929 | 0.977 | 1.052 | 0.971
  243 | Holy Cross           |   1 | 0.928 | 0.991 | 1.068 | 0.977
  244 | Ark.-Pine Bluff      |   1 | 0.927 | 0.937 | 1.011 | 0.966
  245 | Texas-Arlington      |   1 | 0.927 | 1.022 | 1.103 | 0.960
  246 | Rice                 |   1 | 0.926 | 0.943 | 1.018 | 1.008
  247 | Ball St.             |   1 | 0.926 | 0.867 | 0.936 | 0.985
  248 | UC Riverside         |   1 | 0.926 | 0.898 | 0.970 | 0.978
  249 | UC Davis             |   1 | 0.926 | 0.981 | 1.060 | 0.974
  250 | Findlay              |   2 | 0.925 | 0.976 | 1.055 | 0.905
  251 | South Ala.           |   1 | 0.925 | 0.963 | 1.042 | 0.986
  252 | Samford              |   1 | 0.925 | 0.847 | 0.916 | 0.993
  253 | Northern Ariz.       |   1 | 0.924 | 0.974 | 1.054 | 0.990
  254 | Midwestern St.       |   2 | 0.923 | 1.053 | 1.141 | 0.918
  255 | St. Augustines       |   2 | 0.922 | 0.953 | 1.033 | 0.899
  256 | East Carolina        |   1 | 0.922 | 0.995 | 1.079 | 1.018
  257 | Seattle Pacific      |   2 | 0.921 | 1.006 | 1.093 | 0.912
  258 | Bentley              |   2 | 0.920 | 0.918 | 0.998 | 0.912
  259 | Hampton              |   1 | 0.920 | 0.906 | 0.984 | 0.958
  260 | Santa Clara          |   1 | 0.920 | 0.942 | 1.024 | 1.002
  261 | Northern Ill.        |   1 | 0.919 | 1.005 | 1.093 | 0.990
  262 | Jacksonville St.     |   1 | 0.919 | 0.978 | 1.064 | 0.979
  263 | Bucknell             |   1 | 0.919 | 0.943 | 1.027 | 0.964
  264 | North Dakota St.     |   1 | 0.918 | 0.985 | 1.072 | 0.980
  265 | Lafayette            |   1 | 0.918 | 1.029 | 1.121 | 0.958
  266 | Indiana (PA)         |   2 | 0.917 | 0.976 | 1.065 | 0.896
  267 | UNC Greensboro       |   1 | 0.916 | 0.958 | 1.046 | 1.011
  268 | Bellarmine           |   2 | 0.913 | 1.019 | 1.116 | 0.920
  269 | Chattanooga          |   1 | 0.912 | 0.977 | 1.072 | 0.989
  270 | Tennessee Tech       |   1 | 0.911 | 1.062 | 1.166 | 0.991
  271 | Fla. Southern        |   2 | 0.911 | 1.089 | 1.196 | 0.909
  272 | Army                 |   1 | 0.911 | 0.844 | 0.927 | 0.955
  273 | Cal Poly             |   1 | 0.911 | 0.997 | 1.094 | 0.989
  274 | Delaware             |   1 | 0.908 | 0.970 | 1.067 | 1.017
  275 | South Dakota         |   1 | 0.908 | 1.037 | 1.142 | 0.950
  276 | Tennessee St.        |   1 | 0.906 | 0.982 | 1.083 | 0.993
  277 | UC Irvine            |   1 | 0.905 | 0.925 | 1.022 | 0.980
  278 | Texas St.            |   1 | 0.905 | 1.063 | 1.174 | 0.970
  279 | Air Force            |   1 | 0.904 | 0.831 | 0.919 | 1.017
  280 | Cal St. San Bdino    |   2 | 0.903 | 0.972 | 1.077 | 0.897
  281 | Towson               |   1 | 0.903 | 1.018 | 1.127 | 1.005
  282 | South Carolina St.   |   1 | 0.902 | 0.983 | 1.090 | 0.955
  283 | Winona St.           |   2 | 0.902 | 1.003 | 1.112 | 0.902
  284 | Yale                 |   1 | 0.900 | 0.958 | 1.064 | 0.968
  285 | Alas. Anchorage      |   2 | 0.899 | 0.874 | 0.972 | 0.930
  286 | Ill.-Chicago         |   1 | 0.899 | 0.937 | 1.042 | 1.010
  287 | Augustana (SD)       |   2 | 0.898 | 0.992 | 1.105 | 0.911
  288 | New Hampshire        |   1 | 0.895 | 0.880 | 0.983 | 0.970
  289 | McNeese St.          |   1 | 0.894 | 0.949 | 1.061 | 0.973
  290 | Central Wash.        |   2 | 0.894 | 1.071 | 1.198 | 0.927
  291 | Stonehill            |   2 | 0.893 | 0.870 | 0.975 | 0.907
  292 | Neb.-Omaha           |   2 | 0.891 | 1.088 | 1.222 | 0.935
  293 | Cal Poly Pomona      |   2 | 0.891 | 0.844 | 0.948 | 0.901
  294 | Quincy               |   2 | 0.891 | 0.987 | 1.107 | 0.918
  295 | Rollins              |   2 | 0.891 | 0.918 | 1.030 | 0.918
  296 | Valdosta St.         |   2 | 0.890 | 1.035 | 1.163 | 0.912
  297 | Southwest Baptist    |   2 | 0.889 | 1.100 | 1.237 | 0.933
  298 | Georgia College      |   2 | 0.889 | 0.956 | 1.075 | 0.902
  299 | UALR                 |   1 | 0.888 | 0.957 | 1.078 | 0.997
  300 | Long Island          |   1 | 0.887 | 1.005 | 1.133 | 0.955
  301 | Brown                |   1 | 0.887 | 0.982 | 1.107 | 0.972
  302 | Idaho St.            |   1 | 0.886 | 0.971 | 1.096 | 0.999
  303 | Sacred Heart         |   1 | 0.886 | 1.013 | 1.143 | 0.952
  304 | Lamar                |   1 | 0.886 | 0.965 | 1.089 | 0.976
  305 | La.-Monroe           |   1 | 0.885 | 0.951 | 1.074 | 0.978
  306 | North Florida        |   1 | 0.884 | 0.856 | 0.969 | 0.982
  307 | St. Cloud St.        |   2 | 0.883 | 0.978 | 1.108 | 0.911
  308 | Western Ill.         |   1 | 0.883 | 0.818 | 0.926 | 0.963
  309 | Colgate              |   1 | 0.883 | 0.958 | 1.085 | 0.968
  310 | High Point           |   1 | 0.883 | 0.975 | 1.105 | 0.949
  311 | UMKC                 |   1 | 0.882 | 0.936 | 1.061 | 0.968
  312 | Texas Southern       |   1 | 0.881 | 0.930 | 1.056 | 0.947
  313 | Delaware St.         |   1 | 0.881 | 0.818 | 0.928 | 0.950
  314 | Norfolk St.          |   1 | 0.881 | 1.022 | 1.161 | 0.966
  315 | Pepperdine           |   1 | 0.879 | 0.949 | 1.079 | 1.007
  316 | N.C. A&T             |   1 | 0.877 | 0.967 | 1.103 | 0.963
  317 | Elon                 |   1 | 0.876 | 0.945 | 1.080 | 0.986
  318 | Northwestern St.     |   1 | 0.875 | 1.051 | 1.202 | 0.972
  319 | Mount Olive          |   2 | 0.875 | 1.035 | 1.183 | 0.903
  320 | Humboldt St.         |   2 | 0.875 | 0.937 | 1.072 | 0.889
  321 | Adelphi              |   2 | 0.875 | 0.891 | 1.018 | 0.900
  322 | American             |   1 | 0.874 | 0.895 | 1.024 | 0.969
  323 | Washburn             |   2 | 0.874 | 0.897 | 1.027 | 0.944
  324 | Binghamton           |   1 | 0.873 | 0.892 | 1.022 | 0.980
  325 | St. Thomas (MN)      |   3 | 0.873 | 0.919 | 1.054 | 0.874
  326 | Mesa St.             |   2 | 0.872 | 0.964 | 1.105 | 0.903
  327 | S.C. Upstate         |   1 | 0.871 | 0.883 | 1.014 | 0.989
  328 | Kennesaw St.         |   1 | 0.871 | 0.926 | 1.064 | 0.974
  329 | BYU-Hawaii           |   2 | 0.871 | 1.057 | 1.213 | 0.898
  330 | East. Mennonite      |   3 | 0.870 | 1.067 | 1.227 | 0.867
  331 | Angelo St.           |   2 | 0.869 | 1.068 | 1.229 | 0.912
  332 | Navy                 |   1 | 0.869 | 0.997 | 1.148 | 0.965
  333 | Ga. Southern         |   1 | 0.868 | 1.008 | 1.160 | 0.997
  334 | Cal St. Bakersfield  |   1 | 0.867 | 0.949 | 1.094 | 0.990
  335 | Charleston So.       |   1 | 0.866 | 0.900 | 1.039 | 0.960
  336 | FIU                  |   1 | 0.866 | 0.982 | 1.133 | 0.990
  337 | Wis.-Whitewater      |   3 | 0.865 | 0.951 | 1.099 | 0.891
  338 | Albany (NY)          |   1 | 0.865 | 0.909 | 1.051 | 0.978
  339 | Monmouth             |   1 | 0.864 | 0.885 | 1.025 | 0.956
  340 | Jackson St.          |   1 | 0.864 | 0.881 | 1.020 | 0.950
  341 | Prairie View         |   1 | 0.864 | 0.867 | 1.003 | 0.936
  342 | Metro St.            |   2 | 0.863 | 0.965 | 1.118 | 0.898
  343 | Columbia             |   1 | 0.863 | 0.875 | 1.014 | 0.970
  344 | Eastern Wash.        |   1 | 0.863 | 0.952 | 1.103 | 0.989
  345 | Nicholls St.         |   1 | 0.862 | 0.912 | 1.058 | 0.989
  346 | Tex. A&M-Commerce    |   2 | 0.862 | 0.972 | 1.128 | 0.905
  347 | Liberty              |   1 | 0.862 | 0.904 | 1.048 | 0.970
  348 | Harding              |   2 | 0.862 | 0.981 | 1.138 | 0.915
  349 | Hartford             |   1 | 0.861 | 0.905 | 1.050 | 0.972
  350 | Bethune-Cookman      |   1 | 0.860 | 0.826 | 0.960 | 0.956
  351 | Montevallo           |   2 | 0.860 | 0.934 | 1.087 | 0.910
  352 | Sacramento St.       |   1 | 0.859 | 0.908 | 1.057 | 0.987
  353 | Fort Lewis           |   2 | 0.858 | 1.014 | 1.183 | 0.900
  354 | Pfeiffer             |   2 | 0.858 | 1.229 | 1.433 | 0.891
  355 | C.W. Post            |   2 | 0.858 | 0.975 | 1.136 | 0.861
  356 | Grand Valley St.     |   2 | 0.857 | 0.835 | 0.974 | 0.908
  357 | UNC Asheville        |   1 | 0.857 | 0.992 | 1.157 | 0.973
  358 | Incarnate Word       |   2 | 0.857 | 1.004 | 1.172 | 0.894
  359 | Mo. Western St.      |   2 | 0.856 | 0.949 | 1.108 | 0.942
  360 | Longwood             |   1 | 0.855 | 1.030 | 1.204 | 0.969
  361 | Eckerd               |   2 | 0.855 | 0.939 | 1.099 | 0.914
  362 | Dixie St.            |   2 | 0.854 | 0.971 | 1.137 | 0.900
  363 | St. Anselm           |   2 | 0.854 | 0.959 | 1.123 | 0.910
  364 | Fla. Gulf Coast      |   1 | 0.854 | 0.930 | 1.088 | 0.975
  365 | Philadelphia U.      |   2 | 0.853 | 0.853 | 0.999 | 0.884
  366 | Barry                |   2 | 0.853 | 0.940 | 1.103 | 0.919
  367 | East Stroudsburg     |   2 | 0.853 | 0.962 | 1.127 | 0.882
  368 | Guilford             |   3 | 0.852 | 0.951 | 1.117 | 0.858
  369 | Northwest Nazarene   |   2 | 0.852 | 0.982 | 1.153 | 0.930
  370 | Williams             |   3 | 0.850 | 0.987 | 1.161 | 0.843
  371 | Central Ark.         |   1 | 0.849 | 0.867 | 1.020 | 0.970
  372 | Indianapolis         |   2 | 0.846 | 0.950 | 1.123 | 0.931
  373 | Christian Bros.      |   2 | 0.845 | 0.788 | 0.932 | 0.913
  374 | Central Conn. St.    |   1 | 0.845 | 0.864 | 1.023 | 0.946
  375 | Northern Ky.         |   2 | 0.844 | 0.858 | 1.017 | 0.926
  376 | Eastern Ore.         |   3 | 0.844 | 0.998 | 1.183 | 1.007
  377 | St. Francis (NY)     |   1 | 0.843 | 0.861 | 1.021 | 0.954
  378 | Savannah St.         |   1 | 0.842 | 0.818 | 0.972 | 0.968
  379 | New Orleans          |   1 | 0.842 | 0.844 | 1.002 | 0.981
  380 | Northeastern St.     |   2 | 0.842 | 0.868 | 1.031 | 0.919
  381 | Tusculum             |   2 | 0.841 | 0.827 | 0.984 | 0.905
  382 | Virginia Union       |   2 | 0.840 | 0.921 | 1.096 | 0.894
  383 | Alderson-Broaddus    |   2 | 0.839 | 0.936 | 1.116 | 0.866
  384 | Lynn                 |   2 | 0.839 | 0.946 | 1.128 | 0.914
  385 | Alabama St.          |   1 | 0.839 | 0.898 | 1.070 | 0.938
  386 | St. Josephs (IN)     |   2 | 0.839 | 1.022 | 1.219 | 0.925
  387 | Penn                 |   1 | 0.839 | 0.905 | 1.078 | 0.989
  388 | Merrimack            |   2 | 0.839 | 0.975 | 1.161 | 0.912
  389 | Fordham              |   1 | 0.838 | 0.939 | 1.121 | 1.019
  390 | West Va. Tech        |   2 | 0.837 | 0.877 | 1.048 | 0.905
  391 | Francis Marion       |   2 | 0.836 | 0.925 | 1.106 | 0.901
  392 | Emporia St.          |   2 | 0.836 | 0.951 | 1.138 | 0.942
  393 | West Tex. A&M        |   2 | 0.835 | 0.925 | 1.108 | 0.914
  394 | Wm. Paterson         |   3 | 0.835 | 0.794 | 0.951 | 0.837
  395 | Southeast Mo. St.    |   1 | 0.835 | 0.895 | 1.072 | 0.988
  396 | Lewis                |   2 | 0.833 | 0.914 | 1.098 | 0.923
  397 | Clayton St.          |   2 | 0.833 | 0.937 | 1.125 | 0.916
  398 | St. Francis (PA)     |   1 | 0.832 | 0.891 | 1.071 | 0.964
  399 | Delta St.            |   2 | 0.832 | 0.999 | 1.201 | 0.915
  400 | Catawba              |   2 | 0.831 | 1.019 | 1.226 | 0.906
  401 | Wayne St. (MI)       |   2 | 0.831 | 0.890 | 1.071 | 0.911
  402 | St. Marys (TX)       |   2 | 0.831 | 0.897 | 1.079 | 0.904
  403 | Fairmont St.         |   2 | 0.831 | 0.964 | 1.159 | 0.868
  404 | Anderson (SC)        |   2 | 0.831 | 1.038 | 1.249 | 0.897
  405 | Whitworth            |   3 | 0.829 | 0.976 | 1.177 | 0.854
  406 | S.C. Aiken           |   2 | 0.829 | 0.982 | 1.185 | 0.916
  407 | St. Rose             |   2 | 0.828 | 0.985 | 1.189 | 0.904
  408 | Clark Atlanta        |   2 | 0.827 | 0.799 | 0.966 | 0.880
  409 | Ark.-Monticello      |   2 | 0.827 | 0.880 | 1.065 | 0.919
  410 | Ferris St.           |   2 | 0.826 | 0.980 | 1.186 | 0.912
  411 | Utah Valley          |   1 | 0.826 | 0.844 | 1.022 | 0.945
  412 | Northwest Mo. St.    |   2 | 0.825 | 0.977 | 1.184 | 0.941
  413 | American Intl        |   2 | 0.824 | 0.890 | 1.080 | 0.905
  414 | Wayne St. (NE)       |   2 | 0.824 | 0.851 | 1.032 | 0.910
  415 | Chapman              |   3 | 0.824 | 0.832 | 1.010 | 0.843
  416 | Newman               |   2 | 0.822 | 0.972 | 1.183 | 0.898
  417 | Carleton             |   3 | 0.822 | 0.850 | 1.034 | 0.868
  418 | Mary                 |   2 | 0.822 | 0.910 | 1.107 | 0.910
  419 | Mass.-Lowell         |   2 | 0.822 | 0.929 | 1.130 | 0.910
  420 | Cheyney              |   2 | 0.821 | 0.944 | 1.151 | 0.893
  421 | Colorado Mines       |   2 | 0.821 | 0.924 | 1.125 | 0.898
  422 | Coppin St.           |   1 | 0.820 | 0.866 | 1.056 | 0.954
  423 | Hillsdale            |   2 | 0.820 | 0.894 | 1.091 | 0.916
  424 | Limestone            |   2 | 0.819 | 0.915 | 1.116 | 0.894
  425 | Rockhurst            |   2 | 0.819 | 0.939 | 1.147 | 0.924
  426 | Dallas Baptist       |   2 | 0.819 | 1.006 | 1.228 | 0.896
  427 | Johnson C. Smith     |   2 | 0.819 | 0.905 | 1.105 | 0.889
  428 | Bridgeport           |   2 | 0.819 | 0.941 | 1.149 | 0.871
  429 | Centenary (LA)       |   1 | 0.818 | 0.973 | 1.189 | 0.983
  430 | Md.-East. Shore      |   1 | 0.818 | 0.894 | 1.093 | 0.961
  431 | N.M. Highlands       |   2 | 0.818 | 1.075 | 1.315 | 0.904
  432 | Colorado St.-Pueblo  |   2 | 0.817 | 0.931 | 1.140 | 0.897
  433 | VMI                  |   1 | 0.816 | 1.228 | 1.505 | 0.954
  434 | Rutgers-Newark       |   3 | 0.816 | 0.879 | 1.076 | 0.838
  435 | Le Moyne             |   2 | 0.816 | 0.916 | 1.122 | 0.905
  436 | Bloomfield           |   2 | 0.815 | 1.048 | 1.286 | 0.885
  437 | Kutztown             |   2 | 0.815 | 1.002 | 1.230 | 0.882
  438 | Bowie St.            |   2 | 0.815 | 0.936 | 1.149 | 0.895
  439 | Fairleigh Dickinson  |   1 | 0.815 | 0.901 | 1.106 | 0.964
  440 | Mont. St. Billings   |   2 | 0.813 | 0.941 | 1.157 | 0.930
  441 | Saginaw Valley       |   2 | 0.813 | 0.906 | 1.114 | 0.903
  442 | Lincoln Memorial     |   2 | 0.813 | 0.937 | 1.153 | 0.892
  443 | Washington-St. Louis |   3 | 0.812 | 0.898 | 1.106 | 0.852
  444 | Carthage             |   3 | 0.811 | 0.905 | 1.116 | 0.865
  445 | Barton               |   2 | 0.811 | 1.087 | 1.340 | 0.898
  446 | Southern Utah        |   1 | 0.811 | 0.891 | 1.098 | 0.987
  447 | Cal St. Dom. Hills   |   2 | 0.809 | 0.853 | 1.055 | 0.893
  448 | Elizabeth City St.   |   2 | 0.809 | 0.824 | 1.018 | 0.894
  449 | UT Martin            |   1 | 0.809 | 0.923 | 1.140 | 0.984
  450 | Florida A&M          |   1 | 0.808 | 0.920 | 1.138 | 0.963
  451 | West Virginia St.    |   2 | 0.808 | 1.097 | 1.358 | 0.873
  452 | UMBC                 |   1 | 0.808 | 0.918 | 1.136 | 0.973
  453 | North Ala.           |   2 | 0.808 | 1.015 | 1.256 | 0.920
  454 | California (PA)      |   2 | 0.808 | 0.876 | 1.085 | 0.888
  455 | Wingate              |   2 | 0.806 | 0.964 | 1.196 | 0.903
  456 | Chowan               |   2 | 0.805 | 0.898 | 1.116 | 0.901
  457 | Mercyhurst           |   2 | 0.804 | 0.903 | 1.124 | 0.888
  458 | Toledo               |   1 | 0.803 | 0.807 | 1.004 | 1.003
  459 | Houston Baptist      |   1 | 0.803 | 0.972 | 1.210 | 0.949
  460 | Randolph-Macon       |   3 | 0.803 | 0.883 | 1.100 | 0.871
  461 | Hawaii Pacific       |   2 | 0.802 | 1.027 | 1.281 | 0.892
  462 | Wis.-Stout           |   3 | 0.802 | 0.976 | 1.217 | 0.905
  463 | West Chester         |   2 | 0.801 | 0.896 | 1.119 | 0.889
  464 | Gardner-Webb         |   1 | 0.799 | 0.936 | 1.171 | 0.970
  465 | Felician             |   2 | 0.799 | 0.951 | 1.190 | 0.878
  466 | Lake Superior St.    |   2 | 0.799 | 0.921 | 1.153 | 0.908
  467 | Alabama A&M          |   1 | 0.799 | 0.883 | 1.105 | 0.930
  468 | Southwest Minn. St.  |   2 | 0.798 | 0.872 | 1.093 | 0.911
  469 | Tex.-Pan American    |   1 | 0.798 | 0.875 | 1.096 | 0.970
  470 | North Ga.            |   2 | 0.797 | 0.934 | 1.172 | 0.912
  471 | Shaw                 |   2 | 0.797 | 0.856 | 1.075 | 0.901
  472 | Presbyterian         |   1 | 0.795 | 0.852 | 1.072 | 0.983
  473 | Central St. (OH)     |   2 | 0.795 | 0.877 | 1.103 | 0.877
  474 | Nova Southeastern    |   2 | 0.795 | 0.984 | 1.237 | 0.912
  475 | St. John Fisher      |   3 | 0.795 | 0.853 | 1.074 | 0.835
  476 | Central (IA)         |   3 | 0.795 | 0.926 | 1.165 | 0.840
  477 | NJIT                 |   1 | 0.794 | 0.812 | 1.022 | 0.934
  478 | Goldey-Beacom        |   2 | 0.793 | 0.946 | 1.193 | 0.873
  479 | Claflin              |   2 | 0.793 | 0.892 | 1.124 | 0.875
  480 | Winston-Salem        |   1 | 0.793 | 0.841 | 1.060 | 0.958
  481 | Wagner               |   1 | 0.792 | 0.867 | 1.095 | 0.957
  482 | Mars Hill            |   2 | 0.792 | 1.062 | 1.341 | 0.907
  483 | Mansfield            |   2 | 0.791 | 0.940 | 1.188 | 0.895
  484 | San Fran. St.        |   2 | 0.791 | 0.858 | 1.084 | 0.895
  485 | Howard               |   1 | 0.791 | 0.846 | 1.069 | 0.966
  486 | Marist               |   1 | 0.791 | 0.837 | 1.058 | 0.994
  487 | Stetson              |   1 | 0.791 | 0.868 | 1.096 | 0.982
  488 | Middlebury           |   3 | 0.790 | 0.870 | 1.101 | 0.834
  489 | Frank. & Marsh.      |   3 | 0.789 | 0.854 | 1.083 | 0.833
  490 | Brevard              |   2 | 0.789 | 0.969 | 1.228 | 0.903
  491 | Mississippi Val.     |   1 | 0.788 | 0.890 | 1.130 | 0.953
  492 | Wis.-Platteville     |   3 | 0.788 | 0.914 | 1.159 | 0.895
  493 | Concordia-St. Paul   |   2 | 0.787 | 0.983 | 1.248 | 0.908
  494 | Colo. Christian      |   2 | 0.787 | 0.875 | 1.112 | 0.911
  495 | Wis.-Eau Claire      |   3 | 0.786 | 0.933 | 1.187 | 0.882
  496 | Belmont Abbey        |   2 | 0.786 | 0.957 | 1.218 | 0.899
  497 | Texas-Dallas         |   3 | 0.786 | 0.915 | 1.164 | 0.848
  498 | St. Marys (MD)       |   3 | 0.785 | 0.928 | 1.182 | 0.840
  499 | Northern St.         |   2 | 0.784 | 0.894 | 1.141 | 0.902
  500 | Northwood (MI)       |   2 | 0.783 | 0.920 | 1.175 | 0.906
  501 | John Carroll         |   3 | 0.782 | 1.057 | 1.352 | 0.856
  502 | St. Martins          |   2 | 0.782 | 0.930 | 1.190 | 0.905
  503 | Ashland              |   2 | 0.781 | 0.891 | 1.140 | 0.911
  504 | Florida Tech         |   2 | 0.781 | 0.928 | 1.189 | 0.908
  505 | Benedict             |   2 | 0.780 | 0.866 | 1.110 | 0.882
  506 | Tampa                |   2 | 0.780 | 0.922 | 1.183 | 0.916
  507 | Southern N.H.        |   2 | 0.780 | 0.866 | 1.110 | 0.906
  508 | Coker                |   2 | 0.779 | 0.866 | 1.111 | 0.901
  509 | Western Ore.         |   2 | 0.779 | 0.983 | 1.261 | 0.924
  510 | Wis.-La Crosse       |   3 | 0.779 | 0.905 | 1.162 | 0.889
  511 | Wheaton (IL)         |   3 | 0.777 | 0.846 | 1.089 | 0.862
  512 | Upper Iowa           |   2 | 0.777 | 0.869 | 1.119 | 0.904
  513 | Va. Wesleyan         |   3 | 0.777 | 0.909 | 1.170 | 0.866
  514 | Merchant Marine      |   3 | 0.776 | 0.839 | 1.081 | 0.833
  515 | Ark.-Fort Smith      |   2 | 0.776 | 0.909 | 1.171 | 0.906
  516 | Dartmouth            |   1 | 0.775 | 0.771 | 0.995 | 0.971
  517 | Columbus St.         |   2 | 0.775 | 0.867 | 1.119 | 0.910
  518 | Armstrong Atlantic   |   2 | 0.775 | 0.877 | 1.132 | 0.920
  519 | SIU Edwardsville     |   1 | 0.774 | 0.867 | 1.120 | 0.985
  520 | St. Michaels         |   2 | 0.774 | 0.849 | 1.096 | 0.913
  521 | St. Leo              |   2 | 0.774 | 0.915 | 1.183 | 0.921
  522 | Southwestern Okla.   |   2 | 0.773 | 0.900 | 1.165 | 0.914
  523 | Assumption           |   2 | 0.772 | 0.960 | 1.244 | 0.907
  524 | Queens (NC)          |   2 | 0.771 | 0.972 | 1.261 | 0.898
  525 | Tex. A&M-Kingsville  |   2 | 0.771 | 0.859 | 1.114 | 0.914
  526 | MIT                  |   3 | 0.771 | 0.841 | 1.092 | 0.831
  527 | Brandeis             |   3 | 0.771 | 0.851 | 1.104 | 0.855
  528 | Wittenberg           |   3 | 0.770 | 0.888 | 1.154 | 0.842
  529 | Clarion              |   2 | 0.770 | 0.932 | 1.211 | 0.886
  530 | North Dakota         |   1 | 0.769 | 0.856 | 1.113 | 0.950
  531 | West Ala.            |   2 | 0.769 | 0.842 | 1.095 | 0.912
  532 | LeMoyne-Owen         |   2 | 0.768 | 0.982 | 1.279 | 0.879
  533 | Gust. Adolphus       |   3 | 0.768 | 0.831 | 1.082 | 0.872
  534 | Northern Mich.       |   2 | 0.767 | 0.903 | 1.178 | 0.903
  535 | Stillman             |   2 | 0.767 | 1.011 | 1.318 | 0.867
  536 | N.C. Central         |   1 | 0.767 | 0.833 | 1.085 | 0.975
  537 | Bloomsburg           |   2 | 0.766 | 0.832 | 1.087 | 0.891
  538 | Tex. A&M Intl        |   2 | 0.766 | 0.816 | 1.066 | 0.901
  539 | Morningside          |   2 | 0.765 | 0.934 | 1.221 | 0.850
  540 | Ill. Wesleyan        |   3 | 0.765 | 0.925 | 1.208 | 0.867
  541 | St. Norbert          |   3 | 0.765 | 0.823 | 1.076 | 0.837
  542 | Tuskegee             |   2 | 0.764 | 0.888 | 1.162 | 0.884
  543 | Wilmington (OH)      |   3 | 0.764 | 0.903 | 1.182 | 0.860
  544 | Richard Stockton     |   3 | 0.763 | 0.918 | 1.204 | 0.844
  545 | Ouachita Baptist     |   2 | 0.763 | 0.862 | 1.129 | 0.920
  546 | Cameron              |   2 | 0.761 | 0.791 | 1.039 | 0.918
  547 | West Ga.             |   2 | 0.760 | 0.897 | 1.181 | 0.920
  548 | Pitt.-Johnstown      |   2 | 0.760 | 0.940 | 1.238 | 0.871
  549 | Augustana (IL)       |   3 | 0.760 | 0.802 | 1.056 | 0.867
  550 | Wis.-Superior        |   3 | 0.760 | 0.929 | 1.223 | 0.875
  551 | Wooster              |   3 | 0.758 | 0.866 | 1.143 | 0.849
  552 | Franklin Pierce      |   2 | 0.757 | 0.912 | 1.206 | 0.911
  553 | Lenoir-Rhyne         |   2 | 0.757 | 0.861 | 1.137 | 0.910
  554 | Lake Erie            |   2 | 0.757 | 0.882 | 1.165 | 0.915
  555 | Capital              |   3 | 0.756 | 0.877 | 1.160 | 0.853
  556 | Grand Canyon         |   2 | 0.756 | 0.820 | 1.084 | 0.913
  557 | Hawaii Hilo          |   2 | 0.756 | 0.917 | 1.213 | 0.888
  558 | Carson-Newman        |   2 | 0.756 | 0.864 | 1.143 | 0.906
  559 | St. Edwards          |   2 | 0.756 | 0.864 | 1.143 | 0.901
  560 | Lane                 |   2 | 0.755 | 0.860 | 1.139 | 0.874
  561 | Slippery Rock        |   2 | 0.754 | 0.955 | 1.267 | 0.884
  562 | Pace                 |   2 | 0.754 | 0.901 | 1.195 | 0.906
  563 | Neb.-Kearney         |   2 | 0.754 | 0.909 | 1.206 | 0.906
  564 | Cal St. Chico        |   2 | 0.754 | 0.845 | 1.121 | 0.892
  565 | Lander               |   2 | 0.753 | 0.823 | 1.092 | 0.909
  566 | Michigan Tech        |   2 | 0.753 | 0.816 | 1.084 | 0.912
  567 | Post                 |   2 | 0.753 | 0.973 | 1.292 | 0.893
  568 | Birmingham-So.       |   3 | 0.753 | 0.889 | 1.180 | 0.823
  569 | Mo.-St. Louis        |   2 | 0.753 | 0.814 | 1.081 | 0.915
  570 | Wheeling Jesuit      |   2 | 0.753 | 0.895 | 1.188 | 0.875
  571 | East Central         |   2 | 0.753 | 1.049 | 1.393 | 0.916
  572 | Albright             |   3 | 0.753 | 0.876 | 1.164 | 0.851
  573 | St. Johns (MN)       |   3 | 0.752 | 0.902 | 1.199 | 0.880
  574 | Livingstone          |   2 | 0.751 | 0.856 | 1.140 | 0.902
  575 | Edinboro             |   2 | 0.751 | 0.935 | 1.244 | 0.894
  576 | Claremont-M-S        |   3 | 0.751 | 0.807 | 1.076 | 0.831
  577 | Grambling            |   1 | 0.751 | 0.882 | 1.174 | 0.940
  578 | Wis.-River Falls     |   3 | 0.750 | 0.889 | 1.186 | 0.883
  579 | Texas Wesleyan       |   3 | 0.750 | 0.972 | 1.297 | 0.968
  580 | Wabash               |   3 | 0.748 | 0.830 | 1.110 | 0.828
  581 | Maryville (TN)       |   3 | 0.748 | 0.925 | 1.236 | 0.839
  582 | Buena Vista          |   3 | 0.748 | 0.912 | 1.220 | 0.865
  583 | Chicago St.          |   1 | 0.748 | 0.821 | 1.097 | 0.950
  584 | Centre               |   3 | 0.747 | 0.782 | 1.046 | 0.832
  585 | Wesley               |   3 | 0.747 | 0.918 | 1.229 | 0.844
  586 | Sonoma St.           |   2 | 0.747 | 0.911 | 1.219 | 0.892
  587 | Southern Ark.        |   2 | 0.747 | 0.837 | 1.120 | 0.917
  588 | Wartburg             |   3 | 0.746 | 0.902 | 1.209 | 0.857
  589 | Pittsburg St.        |   2 | 0.745 | 0.827 | 1.110 | 0.944
  590 | Cal St. L.A.         |   2 | 0.745 | 0.824 | 1.106 | 0.897
  591 | Chaminade            |   2 | 0.743 | 0.865 | 1.164 | 0.921
  592 | Alas. Fairbanks      |   2 | 0.741 | 0.961 | 1.296 | 0.925
  593 | Oneonta St.          |   3 | 0.741 | 0.855 | 1.154 | 0.847
  594 | Hamline              |   3 | 0.741 | 0.926 | 1.249 | 0.871
  595 | Newberry             |   2 | 0.740 | 0.873 | 1.180 | 0.911
  596 | Dominican (NY)       |   2 | 0.739 | 0.797 | 1.078 | 0.879
  597 | Seton Hill           |   2 | 0.738 | 0.899 | 1.217 | 0.876
  598 | Charleston (WV)      |   2 | 0.738 | 0.956 | 1.296 | 0.867
  599 | Queens (NY)          |   2 | 0.737 | 0.921 | 1.250 | 0.866
  600 | Gannon               |   2 | 0.736 | 0.747 | 1.015 | 0.899
  601 | Wis.-Oshkosh         |   3 | 0.736 | 0.823 | 1.119 | 0.888
  602 | West Fla.            |   2 | 0.736 | 0.920 | 1.250 | 0.910
  603 | Southeastern Okla.   |   2 | 0.734 | 0.756 | 1.030 | 0.913
  604 | Lycoming             |   3 | 0.734 | 0.964 | 1.313 | 0.849
  605 | Eastern N.M.         |   2 | 0.734 | 0.837 | 1.141 | 0.920
  606 | Abilene Christian    |   2 | 0.734 | 0.936 | 1.275 | 0.913
  607 | Southern U.          |   1 | 0.733 | 0.833 | 1.137 | 0.947
  608 | Shippensburg         |   2 | 0.733 | 0.844 | 1.151 | 0.889
  609 | Davis & Elkins       |   2 | 0.733 | 0.920 | 1.255 | 0.868
  610 | UC-Colo. Springs     |   2 | 0.732 | 0.902 | 1.231 | 0.899
  611 | Mary Hardin-Baylor   |   3 | 0.732 | 0.911 | 1.243 | 0.838
  612 | Kentucky St.         |   2 | 0.730 | 0.889 | 1.218 | 0.888
  613 | Erskine              |   2 | 0.730 | 0.704 | 0.964 | 0.901
  614 | Albany St. (GA)      |   2 | 0.730 | 0.859 | 1.177 | 0.881
  615 | Flagler              |   2 | 0.729 | 0.923 | 1.266 | 0.909
  616 | Stevens Institute    |   3 | 0.728 | 0.860 | 1.182 | 0.834
  617 | Occidental           |   3 | 0.728 | 0.817 | 1.122 | 0.846
  618 | Bemidji St.          |   2 | 0.728 | 0.948 | 1.303 | 0.896
  619 | Truman               |   2 | 0.727 | 0.842 | 1.158 | 0.943
  620 | New Haven            |   2 | 0.726 | 0.830 | 1.142 | 0.907
  621 | Concordia-Mhead      |   3 | 0.726 | 0.819 | 1.128 | 0.862
  622 | Defiance             |   3 | 0.726 | 0.926 | 1.275 | 0.831
  623 | Western N.M.         |   2 | 0.724 | 0.953 | 1.316 | 0.898
  624 | Wis.-Parkside        |   2 | 0.724 | 0.872 | 1.205 | 0.916
  625 | East Tex. Baptist    |   3 | 0.724 | 0.853 | 1.177 | 0.840
  626 | Ithaca               |   3 | 0.723 | 0.995 | 1.376 | 0.840
  627 | WPI                  |   3 | 0.723 | 0.884 | 1.222 | 0.832
  628 | Emory                |   3 | 0.723 | 0.927 | 1.281 | 0.851
  629 | Concordia (NY)       |   2 | 0.723 | 0.876 | 1.211 | 0.887
  630 | Hampden-Sydney       |   3 | 0.722 | 0.885 | 1.225 | 0.864
  631 | Brooklyn             |   3 | 0.722 | 0.927 | 1.283 | 0.814
  632 | Elizabethtown        |   3 | 0.722 | 0.867 | 1.202 | 0.853
  633 | Catholic             |   3 | 0.722 | 0.826 | 1.144 | 0.825
  634 | St. Pauls            |   2 | 0.722 | 0.869 | 1.203 | 0.897
  635 | Wash. & Lee          |   3 | 0.721 | 0.783 | 1.085 | 0.851
  636 | Cornell College      |   3 | 0.721 | 0.787 | 1.092 | 0.852
  637 | Hobart               |   3 | 0.721 | 0.904 | 1.255 | 0.828
  638 | Nazareth             |   3 | 0.720 | 0.869 | 1.208 | 0.840
  639 | Chadron St.          |   2 | 0.720 | 0.869 | 1.207 | 0.901
  640 | Cabrini              |   3 | 0.719 | 0.913 | 1.270 | 0.807
  641 | York (NY)            |   3 | 0.718 | 0.873 | 1.216 | 0.821
  642 | Virginia St.         |   2 | 0.718 | 0.884 | 1.232 | 0.900
  643 | Hope                 |   3 | 0.718 | 0.902 | 1.257 | 0.833
  644 | Colby                |   3 | 0.717 | 0.785 | 1.094 | 0.837
  645 | Regis (CO)           |   2 | 0.717 | 0.856 | 1.193 | 0.895
  646 | Chestnut Hill        |   2 | 0.717 | 0.903 | 1.259 | 0.879
  647 | Rochester (NY)       |   3 | 0.716 | 0.847 | 1.184 | 0.856
  648 | Plattsburgh St.      |   3 | 0.716 | 0.923 | 1.289 | 0.843
  649 | Minn. St. Moorhead   |   2 | 0.716 | 0.861 | 1.202 | 0.899
  650 | Amherst              |   3 | 0.715 | 0.892 | 1.247 | 0.839
  651 | Gordon               |   3 | 0.714 | 0.799 | 1.120 | 0.811
  652 | Adams St.            |   2 | 0.714 | 0.911 | 1.276 | 0.902
  653 | Loras                |   3 | 0.714 | 0.909 | 1.274 | 0.858
  654 | UNC Pembroke         |   2 | 0.713 | 0.913 | 1.280 | 0.903
  655 | New York U.          |   3 | 0.713 | 0.821 | 1.150 | 0.850
  656 | DePauw               |   3 | 0.713 | 0.840 | 1.178 | 0.834
  657 | Dubuque              |   3 | 0.713 | 0.853 | 1.196 | 0.845
  658 | SUNY Cortland        |   3 | 0.713 | 0.832 | 1.167 | 0.842
  659 | Brockport            |   3 | 0.713 | 0.841 | 1.180 | 0.845
  660 | Messiah              |   3 | 0.712 | 0.819 | 1.149 | 0.858
  661 | Henderson St.        |   2 | 0.712 | 0.879 | 1.234 | 0.923
  662 | Rhode Island Col.    |   3 | 0.711 | 0.863 | 1.214 | 0.838
  663 | Nyack                |   2 | 0.711 | 0.901 | 1.266 | 0.875
  664 | Missouri S&T         |   2 | 0.711 | 0.840 | 1.182 | 0.915
  665 | North Greenville     |   2 | 0.710 | 0.915 | 1.289 | 0.898
  666 | Case                 |   3 | 0.710 | 0.851 | 1.198 | 0.855
  667 | UC San Diego         |   2 | 0.710 | 0.824 | 1.159 | 0.897
  668 | Widener              |   3 | 0.709 | 0.821 | 1.158 | 0.854
  669 | Becker               |   3 | 0.709 | 0.903 | 1.274 | 0.810
  670 | Elms                 |   3 | 0.709 | 0.922 | 1.300 | 0.814
  671 | Okla. Panhandle      |   2 | 0.709 | 0.871 | 1.229 | 0.907
  672 | York (PA)            |   3 | 0.708 | 0.938 | 1.325 | 0.830
  673 | St. Marys (MN)       |   3 | 0.708 | 0.907 | 1.281 | 0.875
  674 | Mississippi Col.     |   3 | 0.708 | 0.885 | 1.250 | 0.840
  675 | Lake Forest          |   3 | 0.707 | 0.818 | 1.157 | 0.830
  676 | Penn St.-Behrend     |   3 | 0.707 | 0.820 | 1.159 | 0.815
  677 | Wilmington (DE)      |   2 | 0.707 | 0.794 | 1.124 | 0.877
  678 | Pomona-Pitzer        |   3 | 0.706 | 0.793 | 1.122 | 0.853
  679 | Palm Beach Atl.      |   2 | 0.706 | 0.802 | 1.136 | 0.915
  680 | Ripon                |   3 | 0.705 | 0.928 | 1.316 | 0.833
  681 | Chicago              |   3 | 0.705 | 0.827 | 1.173 | 0.860
  682 | Oakland City         |   2 | 0.704 | 0.874 | 1.242 | 0.917
  683 | NYIT                 |   2 | 0.704 | 0.863 | 1.227 | 0.861
  684 | Allegheny            |   3 | 0.704 | 0.892 | 1.267 | 0.837
  685 | Lewis & Clark        |   3 | 0.703 | 0.844 | 1.201 | 0.859
  686 | Clark (MA)           |   3 | 0.703 | 0.809 | 1.152 | 0.843
  687 | St. Lawrence         |   3 | 0.703 | 0.882 | 1.255 | 0.828
  688 | Calvin               |   3 | 0.703 | 0.879 | 1.250 | 0.837
  689 | North Central (IL)   |   3 | 0.703 | 0.917 | 1.305 | 0.857
  690 | Albion               |   3 | 0.702 | 0.847 | 1.206 | 0.835
  691 | Ga. Southwestern     |   2 | 0.702 | 0.755 | 1.076 | 0.910
  692 | Heidelberg           |   3 | 0.701 | 0.908 | 1.294 | 0.860
  693 | Bryant               |   1 | 0.701 | 0.741 | 1.057 | 0.966
  694 | Mass.-Dartmouth      |   3 | 0.701 | 0.959 | 1.367 | 0.833
  695 | Manchester           |   3 | 0.701 | 0.854 | 1.218 | 0.829
  696 | Gettysburg           |   3 | 0.700 | 0.814 | 1.162 | 0.833
  697 | Olivet               |   3 | 0.700 | 0.840 | 1.199 | 0.840
  698 | Western St.          |   2 | 0.700 | 0.834 | 1.192 | 0.906
  699 | Shepherd             |   2 | 0.700 | 0.885 | 1.264 | 0.876
  700 | William Penn         |   3 | 0.700 | 0.899 | 1.284 | 0.808
  701 | Oswego St.           |   3 | 0.699 | 0.829 | 1.186 | 0.833
  702 | Tex. Permian Basin   |   2 | 0.698 | 0.652 | 0.935 | 0.900
  703 | Skidmore             |   3 | 0.697 | 0.906 | 1.299 | 0.826
  704 | Ramapo               |   3 | 0.697 | 0.936 | 1.344 | 0.839
  705 | Millersville         |   2 | 0.697 | 0.790 | 1.132 | 0.898
  706 | Transylvania         |   3 | 0.697 | 0.831 | 1.193 | 0.849
  707 | St. Olaf             |   3 | 0.696 | 0.859 | 1.236 | 0.868
  708 | Baldwin-Wallace      |   3 | 0.696 | 0.885 | 1.272 | 0.854
  709 | Susquehanna          |   3 | 0.696 | 0.902 | 1.295 | 0.844
  710 | Carroll (WI)         |   3 | 0.695 | 0.897 | 1.290 | 0.844
  711 | Cal St. Stanislaus   |   2 | 0.695 | 0.772 | 1.110 | 0.892
  712 | Cal St. Monterey Bay |   2 | 0.695 | 0.846 | 1.219 | 0.902
  713 | Western Conn. St.    |   3 | 0.695 | 0.922 | 1.326 | 0.821
  714 | Ohio Wesleyan        |   3 | 0.695 | 0.845 | 1.215 | 0.849
  715 | Lynchburg            |   3 | 0.694 | 0.903 | 1.301 | 0.865
  716 | Paine                |   2 | 0.694 | 0.782 | 1.126 | 0.883
  717 | Eastern Conn. St.    |   3 | 0.694 | 0.861 | 1.240 | 0.832
  718 | Molloy               |   2 | 0.693 | 0.878 | 1.267 | 0.870
  719 | SUNYIT               |   3 | 0.692 | 0.873 | 1.262 | 0.799
  720 | Gwynedd-Mercy        |   3 | 0.692 | 0.874 | 1.263 | 0.812
  721 | Rowan                |   3 | 0.692 | 0.852 | 1.230 | 0.838
  722 | Bates                |   3 | 0.692 | 0.853 | 1.233 | 0.847
  723 | St. Andrews          |   2 | 0.691 | 0.899 | 1.301 | 0.901
  724 | Hanover              |   3 | 0.691 | 0.810 | 1.172 | 0.834
  725 | Emerson              |   3 | 0.691 | 0.801 | 1.158 | 0.817
  726 | Purchase St.         |   3 | 0.691 | 0.869 | 1.258 | 0.817
  727 | Southern Conn. St.   |   2 | 0.691 | 0.823 | 1.192 | 0.907
  728 | Fayetteville St.     |   2 | 0.690 | 0.879 | 1.273 | 0.897
  729 | Cal Lutheran         |   3 | 0.690 | 0.827 | 1.199 | 0.833
  730 | Rochester Inst.      |   3 | 0.689 | 0.853 | 1.237 | 0.837
  731 | Lincoln (PA)         |   2 | 0.689 | 0.942 | 1.366 | 0.901
  732 | Dowling              |   2 | 0.689 | 0.787 | 1.142 | 0.871
  733 | Misericordia         |   3 | 0.688 | 0.848 | 1.234 | 0.820
  734 | McMurry              |   3 | 0.687 | 0.885 | 1.288 | 0.842
  735 | Ohio Northern        |   3 | 0.687 | 0.829 | 1.206 | 0.858
  736 | Morehouse            |   2 | 0.687 | 0.810 | 1.178 | 0.880
  737 | Milwaukee Engr.      |   3 | 0.687 | 0.779 | 1.133 | 0.825
  738 | North Park           |   3 | 0.686 | 0.844 | 1.230 | 0.848
  739 | Concordia (TX)       |   3 | 0.686 | 0.975 | 1.422 | 0.835
  740 | SUNY Maritime        |   3 | 0.684 | 0.816 | 1.193 | 0.812
  741 | N.C. Wesleyan        |   3 | 0.684 | 0.932 | 1.364 | 0.843
  742 | P.R.-Bayamon         |   2 | 0.684 | 0.924 | 1.350 | 0.903
  743 | Bowdoin              |   3 | 0.683 | 0.803 | 1.177 | 0.836
  744 | George Fox           |   3 | 0.682 | 0.899 | 1.319 | 0.851
  745 | Alcorn St.           |   1 | 0.682 | 0.855 | 1.255 | 0.958
  746 | Lebanon Valley       |   3 | 0.681 | 0.826 | 1.213 | 0.847
  747 | Medaille             |   3 | 0.680 | 0.838 | 1.233 | 0.811
  748 | Ursinus              |   3 | 0.680 | 0.901 | 1.325 | 0.828
  749 | Oglethorpe           |   3 | 0.680 | 0.860 | 1.265 | 0.834
  750 | Scranton             |   3 | 0.680 | 0.826 | 1.216 | 0.838
  751 | Fort Valley St.      |   2 | 0.680 | 0.864 | 1.271 | 0.885
  752 | Manhattanville       |   3 | 0.680 | 0.797 | 1.172 | 0.836
  753 | Rensselaer           |   3 | 0.678 | 0.803 | 1.186 | 0.830
  754 | Thiel                |   3 | 0.678 | 0.918 | 1.355 | 0.821
  755 | Buffalo St.          |   3 | 0.677 | 0.868 | 1.283 | 0.846
  756 | Thomas More          |   3 | 0.677 | 0.990 | 1.464 | 0.820
  757 | Hood                 |   3 | 0.676 | 0.754 | 1.116 | 0.833
  758 | Texas-Tyler          |   3 | 0.676 | 0.807 | 1.193 | 0.841
  759 | Old Westbury         |   3 | 0.676 | 0.852 | 1.260 | 0.822
  760 | Marietta             |   3 | 0.676 | 0.823 | 1.218 | 0.856
  761 | Lock Haven           |   2 | 0.676 | 0.814 | 1.205 | 0.900
  762 | Chris. Newport       |   3 | 0.675 | 0.826 | 1.223 | 0.843
  763 | St. Josephs (ME)     |   3 | 0.675 | 0.854 | 1.266 | 0.811
  764 | Northwestern (MN)    |   3 | 0.674 | 0.840 | 1.246 | 0.798
  765 | Wells                |   3 | 0.673 | 0.910 | 1.352 | 0.787
  766 | Redlands             |   3 | 0.673 | 0.932 | 1.386 | 0.834
  767 | Tiffin               |   2 | 0.672 | 0.855 | 1.272 | 0.922
  768 | Glenville St.        |   2 | 0.672 | 0.884 | 1.315 | 0.870
  769 | Minn. Duluth         |   2 | 0.672 | 0.833 | 1.241 | 0.897
  770 | Plymouth St.         |   3 | 0.672 | 0.794 | 1.181 | 0.822
  771 | Salisbury            |   3 | 0.671 | 0.813 | 1.211 | 0.839
  772 | Mount Union          |   3 | 0.671 | 0.797 | 1.188 | 0.856
  773 | Illinois Col.        |   3 | 0.671 | 0.894 | 1.333 | 0.831
  774 | Framingham St.       |   3 | 0.670 | 0.825 | 1.232 | 0.826
  775 | Concordia (WI)       |   3 | 0.670 | 0.832 | 1.242 | 0.831
  776 | Whitman              |   3 | 0.669 | 0.927 | 1.386 | 0.841
  777 | Dist. Columbia       |   2 | 0.668 | 0.819 | 1.227 | 0.896
  778 | New Jersey City      |   3 | 0.667 | 0.751 | 1.126 | 0.841
  779 | Millikin             |   3 | 0.667 | 0.728 | 1.091 | 0.851
  780 | Albertus Magnus      |   3 | 0.667 | 0.915 | 1.372 | 0.816
  781 | Trinity (TX)         |   3 | 0.665 | 0.745 | 1.121 | 0.838
  782 | USP                  |   2 | 0.664 | 0.724 | 1.090 | 0.879
  783 | Keystone             |   3 | 0.663 | 0.813 | 1.227 | 0.802
  784 | Muhlenberg           |   3 | 0.663 | 0.821 | 1.238 | 0.831
  785 | TCNJ                 |   3 | 0.663 | 0.871 | 1.314 | 0.846
  786 | St. Josephs (L.I.)   |   3 | 0.663 | 0.828 | 1.248 | 0.815
  787 | Linfield             |   3 | 0.662 | 0.841 | 1.271 | 0.851
  788 | La Verne             |   3 | 0.662 | 0.850 | 1.283 | 0.844
  789 | Puget Sound          |   3 | 0.662 | 0.893 | 1.349 | 0.855
  790 | Marymount (VA)       |   3 | 0.661 | 0.813 | 1.231 | 0.832
  791 | Elmhurst             |   3 | 0.661 | 0.818 | 1.238 | 0.868
  792 | Caldwell             |   2 | 0.660 | 0.784 | 1.189 | 0.891
  793 | Trinity (CT)         |   3 | 0.659 | 0.813 | 1.233 | 0.842
  794 | Simpson              |   3 | 0.659 | 0.866 | 1.314 | 0.851
  795 | Grove City           |   3 | 0.658 | 0.768 | 1.166 | 0.814
  796 | Montclair St.        |   3 | 0.658 | 0.801 | 1.217 | 0.848
  797 | Springfield          |   3 | 0.658 | 0.783 | 1.189 | 0.841
  798 | Southwestern (TX)    |   3 | 0.657 | 0.773 | 1.177 | 0.820
  799 | Rust                 |   3 | 0.656 | 0.938 | 1.429 | 0.832
  800 | Kean                 |   3 | 0.656 | 0.740 | 1.129 | 0.849
  801 | Otterbein            |   3 | 0.655 | 0.825 | 1.258 | 0.857
  802 | Muskingum            |   3 | 0.655 | 0.807 | 1.233 | 0.848
  803 | Husson               |   3 | 0.654 | 0.840 | 1.284 | 0.811
  804 | Ohio Valley          |   2 | 0.654 | 0.816 | 1.248 | 0.890
  805 | Miles                |   2 | 0.654 | 0.769 | 1.176 | 0.886
  806 | Lincoln (MO)         |   2 | 0.654 | 0.843 | 1.290 | 0.900
  807 | Delaware Valley      |   3 | 0.654 | 0.855 | 1.308 | 0.824
  808 | LeTourneau           |   3 | 0.654 | 0.825 | 1.262 | 0.842
  809 | Concordia Chicago    |   3 | 0.653 | 0.835 | 1.279 | 0.827
  810 | Johns Hopkins        |   3 | 0.651 | 0.731 | 1.123 | 0.826
  811 | Frostburg St.        |   3 | 0.651 | 0.885 | 1.359 | 0.811
  812 | Cal St. East Bay     |   2 | 0.650 | 0.801 | 1.231 | 0.895
  813 | Willamette           |   3 | 0.650 | 0.964 | 1.482 | 0.850
  814 | Concord              |   2 | 0.650 | 0.881 | 1.355 | 0.868
  815 | Wesleyan (CT)        |   3 | 0.649 | 0.877 | 1.350 | 0.844
  816 | Luther               |   3 | 0.649 | 0.720 | 1.110 | 0.848
  817 | New Paltz St.        |   3 | 0.649 | 0.858 | 1.320 | 0.842
  818 | Hiram                |   3 | 0.649 | 0.797 | 1.230 | 0.848
  819 | Lawrence             |   3 | 0.649 | 0.814 | 1.255 | 0.837
  820 | Mary Washington      |   3 | 0.649 | 0.833 | 1.285 | 0.838
  821 | Fredonia St.         |   3 | 0.649 | 0.733 | 1.128 | 0.849
  822 | Eureka               |   3 | 0.648 | 0.869 | 1.343 | 0.803
  823 | Kings (PA)           |   3 | 0.648 | 0.771 | 1.190 | 0.835
  824 | West Va. Wesleyan    |   2 | 0.648 | 0.888 | 1.372 | 0.879
  825 | Salem St.            |   3 | 0.647 | 0.949 | 1.466 | 0.834
  826 | Rockford             |   3 | 0.647 | 0.884 | 1.367 | 0.818
  827 | Johnson & Wales (RI) |   3 | 0.646 | 0.828 | 1.282 | 0.816
  828 | Edgewood             |   3 | 0.645 | 0.780 | 1.208 | 0.830
  829 | Whittier             |   3 | 0.645 | 0.874 | 1.354 | 0.832
  830 | Wentworth Inst.      |   3 | 0.644 | 0.808 | 1.255 | 0.811
  831 | Thomas (ME)          |   3 | 0.644 | 0.886 | 1.377 | 0.808
  832 | Westminster (MO)     |   3 | 0.644 | 0.826 | 1.282 | 0.812
  833 | Berry                |   3 | 0.643 | 0.791 | 1.229 | 0.882
  834 | Shenandoah           |   3 | 0.643 | 0.816 | 1.269 | 0.833
  835 | Immaculata           |   3 | 0.643 | 0.801 | 1.246 | 0.813
  836 | Holy Family          |   2 | 0.643 | 0.867 | 1.348 | 0.900
  837 | Washington Col.      |   3 | 0.643 | 0.837 | 1.302 | 0.821
  838 | Ozarks (AR)          |   3 | 0.643 | 0.841 | 1.309 | 0.844
  839 | Keene St.            |   3 | 0.642 | 0.967 | 1.506 | 0.827
  840 | Clarkson             |   3 | 0.642 | 0.745 | 1.161 | 0.831
  841 | Wheelock             |   3 | 0.641 | 0.798 | 1.245 | 0.805
  842 | Carnegie Mellon      |   3 | 0.641 | 0.802 | 1.252 | 0.866
  843 | Eastern              |   3 | 0.639 | 0.765 | 1.197 | 0.838
  844 | Curry                |   3 | 0.639 | 0.842 | 1.319 | 0.822
  845 | Minn.-Morris         |   3 | 0.639 | 0.833 | 1.304 | 0.790
  846 | Millsaps             |   3 | 0.638 | 0.701 | 1.099 | 0.836
  847 | Wilkes               |   3 | 0.638 | 0.809 | 1.268 | 0.828
  848 | Hunter               |   3 | 0.638 | 0.926 | 1.451 | 0.818
  849 | Greensboro           |   3 | 0.638 | 0.812 | 1.273 | 0.838
  850 | Wheaton (MA)         |   3 | 0.638 | 0.827 | 1.298 | 0.840
  851 | UC Santa Cruz        |   3 | 0.638 | 0.836 | 1.310 | 0.858
  852 | Farmingdale St.      |   3 | 0.637 | 0.824 | 1.295 | 0.827
  853 | Sul Ross St.         |   3 | 0.637 | 0.798 | 1.252 | 0.837
  854 | SUNY Geneseo         |   3 | 0.636 | 0.780 | 1.226 | 0.853
  855 | Union (NY)           |   3 | 0.636 | 0.755 | 1.187 | 0.832
  856 | Colby-Sawyer         |   3 | 0.636 | 0.874 | 1.375 | 0.817
  857 | Hartwick             |   3 | 0.636 | 0.777 | 1.222 | 0.828
  858 | Piedmont             |   3 | 0.636 | 0.854 | 1.343 | 0.838
  859 | Louisiana Col.       |   3 | 0.635 | 0.798 | 1.258 | 0.859
  860 | Ferrum               |   3 | 0.635 | 0.791 | 1.245 | 0.836
  861 | Me.-Farmington       |   3 | 0.635 | 0.765 | 1.205 | 0.810
  862 | Babson               |   3 | 0.632 | 0.781 | 1.237 | 0.843
  863 | Tufts                |   3 | 0.632 | 0.779 | 1.233 | 0.847
  864 | P.R.-Mayaguez        |   2 | 0.632 | 0.799 | 1.264 | 0.911
  865 | Mt. St. Joseph       |   3 | 0.631 | 0.790 | 1.253 | 0.837
  866 | Adrian               |   3 | 0.631 | 0.720 | 1.140 | 0.840
  867 | Western New Eng.     |   3 | 0.629 | 0.896 | 1.423 | 0.812
  868 | Minn.-Crookston      |   2 | 0.629 | 0.810 | 1.288 | 0.903
  869 | Menlo                |   3 | 0.627 | 0.808 | 1.289 | 0.842
  870 | P.R.-Rio Piedras     |   2 | 0.626 | 0.822 | 1.314 | 0.915
  871 | Coe                  |   3 | 0.626 | 0.732 | 1.169 | 0.854
  872 | Wash. & Jeff.        |   3 | 0.626 | 0.788 | 1.258 | 0.814
  873 | Norwich              |   3 | 0.626 | 0.833 | 1.332 | 0.817
  874 | Randolph             |   3 | 0.625 | 0.736 | 1.178 | 0.859
  875 | Maryville (MO)       |   2 | 0.625 | 0.915 | 1.463 | 0.915
  876 | Coast Guard          |   3 | 0.625 | 0.757 | 1.212 | 0.840
  877 | Huntingdon           |   3 | 0.624 | 0.830 | 1.330 | 0.847
  878 | Washington Adventist |   2 | 0.624 | 0.872 | 1.399 | 0.891
  879 | Westfield St.        |   3 | 0.624 | 0.755 | 1.210 | 0.825
  880 | Lees-McRae           |   2 | 0.624 | 0.770 | 1.235 | 0.913
  881 | Webster              |   3 | 0.623 | 0.740 | 1.188 | 0.815
  882 | Hamilton             |   3 | 0.623 | 0.713 | 1.145 | 0.834
  883 | Colorado Col.        |   3 | 0.622 | 0.778 | 1.250 | 0.818
  884 | Pitt.-Bradford       |   3 | 0.621 | 0.813 | 1.309 | 0.818
  885 | Wis. Lutheran        |   3 | 0.621 | 0.846 | 1.362 | 0.843
  886 | Nichols              |   3 | 0.621 | 0.817 | 1.315 | 0.807
  887 | La Roche             |   3 | 0.621 | 0.715 | 1.151 | 0.806
  888 | Marian (WI)          |   3 | 0.619 | 0.803 | 1.298 | 0.821
  889 | Howard Payne         |   3 | 0.619 | 0.858 | 1.386 | 0.842
  890 | Finlandia            |   3 | 0.619 | 0.890 | 1.438 | 0.836
  891 | Castleton            |   3 | 0.618 | 0.771 | 1.247 | 0.802
  892 | Endicott             |   3 | 0.618 | 0.832 | 1.345 | 0.818
  893 | Neumann              |   3 | 0.617 | 0.839 | 1.361 | 0.813
  894 | St. Thomas Aquinas   |   2 | 0.616 | 0.740 | 1.200 | 0.871
  895 | Connecticut Col.     |   3 | 0.616 | 0.772 | 1.254 | 0.825
  896 | Clarke               |   3 | 0.616 | 0.840 | 1.364 | 0.879
  897 | Pacific (OR)         |   3 | 0.615 | 0.775 | 1.259 | 0.835
  898 | Pacific Lutheran     |   3 | 0.615 | 0.793 | 1.290 | 0.853
  899 | U New England        |   3 | 0.613 | 0.818 | 1.335 | 0.822
  900 | Worcester St.        |   3 | 0.613 | 0.818 | 1.334 | 0.818
  901 | Haverford            |   3 | 0.612 | 0.700 | 1.144 | 0.832
  902 | Grinnell             |   3 | 0.612 | 1.071 | 1.751 | 0.836
  903 | Juniata              |   3 | 0.611 | 0.765 | 1.251 | 0.830
  904 | Mt. Aloysius         |   3 | 0.611 | 0.838 | 1.371 | 0.809
  905 | Texas Lutheran       |   3 | 0.610 | 0.811 | 1.329 | 0.843
  906 | Lasell               |   3 | 0.609 | 0.838 | 1.376 | 0.822
  907 | Mount Ida            |   3 | 0.609 | 0.844 | 1.387 | 0.803
  908 | Mt. St. Vincent      |   3 | 0.609 | 0.834 | 1.368 | 0.822
  909 | Regis (MA)           |   3 | 0.609 | 0.778 | 1.278 | 0.812
  910 | Beloit               |   3 | 0.608 | 0.756 | 1.243 | 0.835
  911 | Lakeland             |   3 | 0.608 | 0.806 | 1.324 | 0.820
  912 | SUNY Potsdam         |   3 | 0.607 | 0.801 | 1.321 | 0.847
  913 | Centenary (NJ)       |   3 | 0.606 | 0.898 | 1.483 | 0.812
  914 | LaGrange             |   3 | 0.606 | 0.779 | 1.285 | 0.838
  915 | Spalding             |   3 | 0.606 | 0.742 | 1.226 | 0.804
  916 | Roanoke              |   3 | 0.604 | 0.857 | 1.418 | 0.863
  917 | Roger Williams       |   3 | 0.604 | 0.753 | 1.246 | 0.814
  918 | Medgar Evers         |   3 | 0.603 | 0.821 | 1.363 | 0.809
  919 | Utica                |   3 | 0.601 | 0.765 | 1.273 | 0.839
  920 | Mt. St. Mary (NY)    |   3 | 0.601 | 0.767 | 1.275 | 0.826
  921 | Lincoln Christian    |   3 | 0.600 | 0.812 | 1.353 | 0.785
  922 | Hardin-Simmons       |   3 | 0.599 | 0.858 | 1.433 | 0.848
  923 | Denison              |   3 | 0.599 | 0.785 | 1.310 | 0.837
  924 | Staten Island        |   3 | 0.598 | 0.831 | 1.389 | 0.811
  925 | MacMurray            |   3 | 0.598 | 0.848 | 1.417 | 0.822
  926 | Rhodes               |   3 | 0.597 | 0.766 | 1.282 | 0.816
  927 | Trine                |   3 | 0.597 | 0.779 | 1.305 | 0.832
  928 | Kenyon               |   3 | 0.596 | 0.762 | 1.277 | 0.835
  929 | Lehman               |   3 | 0.596 | 0.780 | 1.309 | 0.814
  930 | Penn St.-Harrisburg  |   3 | 0.595 | 0.919 | 1.545 | 0.794
  931 | Dallas               |   3 | 0.595 | 0.725 | 1.219 | 0.824
  932 | Emory & Henry        |   3 | 0.594 | 0.862 | 1.452 | 0.863
  933 | Hendrix              |   3 | 0.594 | 0.810 | 1.363 | 0.829
  934 | Yeshiva              |   3 | 0.592 | 0.705 | 1.192 | 0.820
  935 | Moravian             |   3 | 0.592 | 0.745 | 1.259 | 0.837
  936 | Greenville           |   3 | 0.592 | 0.867 | 1.464 | 0.803
  937 | Mass. Liberal Arts   |   3 | 0.592 | 0.804 | 1.358 | 0.817
  938 | McDaniel             |   3 | 0.590 | 0.685 | 1.161 | 0.836
  939 | FDU-Florham          |   3 | 0.589 | 0.787 | 1.337 | 0.833
  940 | Fitchburg St.        |   3 | 0.587 | 0.764 | 1.302 | 0.818
  941 | Penn St.-Altoona     |   3 | 0.586 | 0.730 | 1.246 | 0.813
  942 | Schreiner            |   3 | 0.586 | 0.751 | 1.282 | 0.837
  943 | Dominican (IL)       |   3 | 0.585 | 0.807 | 1.379 | 0.823
  944 | Methodist            |   3 | 0.585 | 0.854 | 1.460 | 0.847
  945 | Goucher              |   3 | 0.584 | 0.696 | 1.192 | 0.842
  946 | Cobleskill St.       |   3 | 0.583 | 0.702 | 1.205 | 0.807
  947 | Westminster (PA)     |   3 | 0.581 | 0.777 | 1.338 | 0.816
  948 | Franklin             |   3 | 0.581 | 0.803 | 1.383 | 0.846
  949 | Notre Dame de Namur  |   2 | 0.579 | 0.692 | 1.195 | 0.896
  950 | Mass.-Boston         |   3 | 0.578 | 0.765 | 1.325 | 0.826
  951 | Dickinson            |   3 | 0.577 | 0.687 | 1.190 | 0.834
  952 | Pitt.-Greensburg     |   3 | 0.576 | 0.762 | 1.322 | 0.812
  953 | Alfred               |   3 | 0.576 | 0.710 | 1.231 | 0.827
  954 | Neb. Wesleyan        |   3 | 0.576 | 0.701 | 1.218 | 0.821
  955 | Bluefield St.        |   2 | 0.575 | 0.778 | 1.353 | 0.875
  956 | Lesley               |   3 | 0.575 | 0.719 | 1.249 | 0.810
  957 | Monmouth (IL)        |   3 | 0.574 | 0.783 | 1.365 | 0.851
  958 | Swarthmore           |   3 | 0.573 | 0.713 | 1.246 | 0.831
  959 | Rutgers-Camden       |   3 | 0.571 | 0.718 | 1.257 | 0.846
  960 | Southern Vt.         |   3 | 0.570 | 0.798 | 1.401 | 0.812
  961 | Oberlin              |   3 | 0.570 | 0.724 | 1.270 | 0.825
  962 | Southern Me.         |   3 | 0.568 | 0.786 | 1.385 | 0.840
  963 | Bethany Lutheran     |   3 | 0.567 | 0.763 | 1.345 | 0.818
  964 | St. Scholastica      |   3 | 0.567 | 0.744 | 1.313 | 0.813
  965 | Sage Colleges        |   3 | 0.566 | 0.818 | 1.444 | 0.816
  966 | Marywood             |   3 | 0.566 | 0.809 | 1.431 | 0.810
  967 | Daniel Webster       |   3 | 0.565 | 0.764 | 1.352 | 0.803
  968 | Rose-Hulman          |   3 | 0.564 | 0.677 | 1.201 | 0.832
  969 | Salem Intl           |   2 | 0.563 | 0.769 | 1.364 | 0.890
  970 | Maranatha Baptist    |   3 | 0.562 | 0.738 | 1.314 | 0.820
  971 | St. Vincent          |   3 | 0.562 | 0.701 | 1.247 | 0.820
  972 | Presentation         |   3 | 0.561 | 0.731 | 1.303 | 0.795
  973 | Rosemont             |   3 | 0.560 | 0.724 | 1.294 | 0.807
  974 | Elmira               |   3 | 0.559 | 0.720 | 1.287 | 0.845
  975 | Rivier               |   3 | 0.559 | 0.728 | 1.303 | 0.808
  976 | Alma                 |   3 | 0.558 | 0.746 | 1.338 | 0.840
  977 | Lyndon St.           |   3 | 0.558 | 0.853 | 1.528 | 0.808
  978 | Gallaudet            |   3 | 0.554 | 0.742 | 1.338 | 0.832
  979 | Emmanuel (MA)        |   3 | 0.554 | 0.767 | 1.384 | 0.821
  980 | Kalamazoo            |   3 | 0.553 | 0.702 | 1.269 | 0.840
  981 | Drew                 |   3 | 0.551 | 0.699 | 1.268 | 0.831
  982 | CCNY                 |   3 | 0.548 | 0.709 | 1.294 | 0.817
  983 | Johnson St.          |   3 | 0.547 | 0.759 | 1.388 | 0.806
  984 | Mercy                |   2 | 0.544 | 0.829 | 1.522 | 0.878
  985 | Green Mountain       |   3 | 0.544 | 0.727 | 1.337 | 0.812
  986 | Earlham              |   3 | 0.544 | 0.772 | 1.420 | 0.833
  987 | DYouville            |   3 | 0.542 | 0.780 | 1.440 | 0.815
  988 | Suffolk              |   3 | 0.541 | 0.765 | 1.414 | 0.812
  989 | Martin Luther        |   3 | 0.539 | 0.758 | 1.406 | 0.802
  990 | Keuka                |   3 | 0.539 | 0.732 | 1.358 | 0.793
  991 | Eastern Nazarene     |   3 | 0.537 | 0.725 | 1.350 | 0.801
  992 | Fontbonne            |   3 | 0.536 | 0.776 | 1.448 | 0.800
  993 | Salve Regina         |   3 | 0.533 | 0.733 | 1.377 | 0.814
  994 | Polytechnic (NY)     |   3 | 0.532 | 0.709 | 1.334 | 0.823
  995 | Macalester           |   3 | 0.532 | 0.683 | 1.283 | 0.867
  996 | Knox                 |   3 | 0.531 | 0.732 | 1.379 | 0.837
  997 | Hilbert              |   3 | 0.528 | 0.821 | 1.554 | 0.810
  998 | Penn St.-Berks       |   3 | 0.527 | 0.729 | 1.384 | 0.796
  999 | Stevenson            |   3 | 0.525 | 0.736 | 1.402 | 0.837
 1000 | New England Col.     |   3 | 0.522 | 0.707 | 1.356 | 0.797
 1001 | Waynesburg           |   3 | 0.522 | 0.684 | 1.309 | 0.817
 1002 | Newbury              |   3 | 0.520 | 0.713 | 1.371 | 0.808
 1003 | Sewanee              |   3 | 0.516 | 0.638 | 1.235 | 0.829
 1004 | John Jay             |   3 | 0.516 | 0.763 | 1.478 | 0.826
 1005 | Vassar               |   3 | 0.516 | 0.713 | 1.382 | 0.849
 1006 | Morrisville St.      |   3 | 0.516 | 0.682 | 1.321 | 0.790
 1007 | Mitchell             |   3 | 0.515 | 0.761 | 1.478 | 0.809
 1008 | Maine Maritime       |   3 | 0.513 | 0.671 | 1.308 | 0.808
 1009 | Northland            |   3 | 0.513 | 0.684 | 1.334 | 0.809
 1010 | Penn St.-Abington    |   3 | 0.510 | 0.712 | 1.395 | 0.799
 1011 | Fisk                 |   3 | 0.507 | 0.723 | 1.425 | 0.897
 1012 | Baptist Bible (PA)   |   3 | 0.502 | 0.736 | 1.467 | 0.808
 1013 | Crown (MN)           |   3 | 0.497 | 0.774 | 1.558 | 0.806
 1014 | Phila. Biblical      |   3 | 0.496 | 0.665 | 1.341 | 0.810
 1015 | Principia            |   3 | 0.478 | 0.719 | 1.506 | 0.803
 1016 | Cazenovia            |   3 | 0.478 | 0.772 | 1.613 | 0.796
 1017 | City Tech            |   3 | 0.469 | 0.664 | 1.417 | 0.834
 1018 | Caltech              |   3 | 0.398 | 0.578 | 1.453 | 0.841
(1018 rows)

COMMIT
